
 0 0 1.4195 0.7474 389854.3125 370361.6250 299925.7188
 0 1 1.3602 0.6520 361067200.0000 343013824.0000 356573088.0000
 0 2 1.3972 0.6261 370390.4688 351870.9688 284434.3125
 0 3 1.3918 0.6305 283020.2188 268869.2500 215647.9219
 0 4 1.3917 0.6513 1871449.8750 1777877.3750 1428536.8750
 0 5 1.3923 0.6783 599663.8750 569680.7500 583873.9375
 0 6 1.3871 0.7053 295355.8125 280588.0625 227225.5938
 1 0 1.3883 0.7280 284218.7812 270007.8750 217600.2500
 1 1 1.3896 0.7395 156267.8750 148454.5156 119602.5391
 1 2 1.4043 0.7382 1265375.5000 1202106.7500 979343.9375
 1 3 1.3997 0.7287 143679.0781 136495.1562 110199.0469
 1 4 1.3918 0.7244 224247.7031 213035.3438 171087.4062
 1 5 1.4169 0.7093 206937.2031 196590.3750 157850.3281
 1 6 1.4050 0.7004 220827.7031 209786.3438 168655.7812
 2 0 1.3986 0.6845 130014.7812 123514.0703 99297.9062
 2 1 1.3956 0.6688 84052.5000 79849.9062 64364.3438
 2 2 1.3916 0.6629 99874.0000 94880.3281 77249.9844
 2 3 1.3875 0.6631 121681.7578 115597.7031 94617.0703
 2 4 1.3893 0.6690 90120.4453 85614.4531 70845.1406
 2 5 1.3912 0.6791 31796.8770 30207.0664 23990.6992
 2 6 1.4057 0.6899 29853.2812 28360.6523 22397.1074
 3 0 1.3919 0.7015 54889.7578 52145.3047 41318.9805
 3 1 1.4141 0.7198 45418.6836 43147.7852 34016.1172
 3 2 1.3980 0.7245 71425.7969 67854.5469 53178.1445
 3 3 1.3872 0.7282 25486.1191 24211.8496 18581.4551
 3 4 1.3914 0.7282 24787.9531 23548.5918 18116.1777
 3 5 1.3914 0.7278 43183.4375 41024.3008 36331.3828
 3 6 1.3882 0.7239 41531.8516 39455.2930 34569.2773
 4 0 1.3872 0.7183 28168.2812 26759.9023 23043.5879
 4 1 1.3875 0.7109 10316.5156 9800.7246 8575.9414
 4 2 1.3881 0.7024 15914.1162 15118.4453 11245.7959
 4 3 1.3931 0.6926 24591.5234 23361.9824 17035.5625
 4 4 1.3899 0.6837 33677.2227 31993.3965 24375.6582
 4 5 1.3902 0.6763 25827.5664 24536.2207 18627.7168
 4 6 1.3900 0.6710 6363.1582 6045.0337 4593.7754
 5 0 1.3896 0.6681 4688.4419 4454.0527 3521.5249
 5 1 1.3889 0.6676 10873.4111 10329.7734 8325.3633
 5 2 1.3881 0.6694 10100.4961 9595.5039 8097.0215
 5 3 1.3873 0.6732 10714.0176 10178.3496 8353.4365
 5 4 1.3868 0.6784 4194.9448 3985.2314 2816.5339
 5 5 1.3865 0.6846 3694.8074 3510.1011 2617.0105
 5 6 1.3865 0.6909 3866.3711 3673.0872 2629.6741
 6 0 1.3864 0.6967 6530.3955 6203.9102 4462.9395
 6 1 1.3866 0.7018 7619.8633 7238.9053 5351.8774
 6 2 1.3893 0.7068 4299.7578 4084.8052 2997.1089
 6 3 1.3870 0.7097 10266.0977 9752.8281 7568.7124
 6 4 1.3869 0.7113 20151.7168 19144.1660 15280.0508
 6 5 1.3866 0.7108 7773.2124 7384.5874 5913.1230
 6 6 1.3948 0.7135 4957.7803 4709.9268 3545.7988
 7 0 1.3939 0.7128 6845.7578 6503.5054 4595.0303
 7 1 1.3925 0.7121 14589.6611 13860.2129 10348.3281
 7 2 1.3905 0.7132 4771.8652 4533.3076 3382.7278
 7 3 1.3928 0.7121 8310.5811 7895.0874 6366.4541
 7 4 1.3907 0.7107 12915.9980 12270.2334 10082.4268
 7 5 1.3888 0.7090 2903.8975 2758.7380 1970.2324
 7 6 1.3875 0.7070 7923.0078 7526.8926 5503.4731
 8 0 1.3867 0.7046 4392.7544 4173.1519 3077.1941
 8 1 1.3864 0.7018 7904.3213 7509.1401 5578.4180
 8 2 1.3866 0.6985 6260.0244 5947.0581 4562.9316
 8 3 1.3869 0.6947 2210.8247 2100.3181 1632.1998
 8 4 1.3874 0.6906 6369.9609 6051.4976 4651.8296
 8 5 1.3878 0.6866 2683.1641 2549.0403 2003.3776
 8 6 1.3881 0.6829 4277.1167 4063.2949 2977.5959
 9 0 1.3882 0.6798 1380.9709 1311.9563 958.0657
 9 1 1.3881 0.6776 14403.2646 13683.1357 10068.0381
 9 2 1.3879 0.6764 10847.0293 10304.7119 7540.3779
 9 3 1.3889 0.6768 8636.1436 8204.3701 6412.1611
 9 4 1.3873 0.6764 11016.8633 10466.0537 8479.4160
 9 5 1.3890 0.6780 7144.9258 6787.7129 5455.1758
 9 6 1.3884 0.6782 1482.6177 1408.5208 980.6216
 10 0 1.3865 0.6803 4161.2271 3953.1995 2678.2988
 10 1 1.3866 0.6913 11653.4688 11070.8291 7926.9922
 10 2 1.3931 0.6879 14963.9023 14215.7412 10306.9990
 10 3 1.3872 0.6912 4899.5942 4654.6489 3362.3459
 10 4 1.3872 0.6933 3221.9995 3060.9341 2426.3232
 10 5 1.3875 0.6951 10488.4053 9964.0205 7808.1621
 10 6 1.3904 0.6954 6664.3179 6331.1367 4832.4106
 11 0 1.4022 0.6944 8285.7012 7871.4507 6273.4048
 11 1 1.3867 0.7011 1525.8893 1449.6299 953.4839
 11 2 1.3781 0.6910 7041.3237 6689.2920 4707.2744
 11 3 1.3871 0.6896 24127.7148 22921.3633 17315.3555
 11 4 1.3866 0.6884 6223.3735 5912.2388 4223.5635
 11 5 1.3865 0.6888 3320.1211 3154.1494 2472.6831
 11 6 1.3901 0.6943 5289.5938 5025.1484 3706.6787
 12 0 1.3942 0.6938 7126.9370 6770.6245 5382.7417
 12 1 1.3996 0.6924 34099.3242 32394.3926 25918.3594
 12 2 1.3925 0.6911 2266.2209 2152.9446 1629.1527
 12 3 1.3915 0.6902 15273.9062 14510.2451 10771.3184
 12 4 1.3937 0.6890 9793.6123 9303.9658 6791.2949
 12 5 1.3904 0.6869 9318.9512 8853.0381 6675.2275
 12 6 1.3881 0.6722 17962.8438 17064.7344 12599.6035
 13 0 1.4011 0.6857 9345.1699 8877.9453 6735.2935
 13 1 1.3880 0.6860 4803.6670 4563.5176 3632.9468
 13 2 1.3866 0.6865 7807.9785 7417.6138 5674.2783
 13 3 1.3865 0.6873 17870.0938 16976.6230 13562.5752
 13 4 1.3864 0.6885 12360.1123 11742.1406 9177.9033
 13 5 1.3864 0.6898 2678.6885 2544.7883 1875.6663
 13 6 1.3865 0.6915 12943.6445 12296.4961 8586.8320
 14 0 1.3869 0.6929 26104.4961 24799.3066 18819.1309
 14 1 1.3865 0.6945 5580.8857 5301.8760 3865.0925
 14 2 1.3865 0.6958 2384.4626 2265.2744 1731.2458
 14 3 1.3866 0.6971 3347.2107 3179.8850 2450.2661
 14 4 1.3865 0.6981 14272.9287 13559.3174 11043.6855
 14 5 1.3867 0.6988 5156.7061 4898.9058 3924.1128
 14 6 1.3867 0.6992 5733.6841 5447.0352 4227.8711
 15 0 1.3867 0.6994 6177.4980 5868.6582 4471.8984
 15 1 1.3867 0.6993 8972.5244 8523.9336 6382.8506
 15 2 1.3867 0.6990 3126.7815 2970.4773 2034.0227
 15 3 1.3867 0.6985 7877.4170 7483.5811 5585.6523
 15 4 1.3866 0.6978 5245.4395 4983.2021 3647.5510
 15 5 1.3866 0.6970 4652.0024 4419.4370 3333.1997
 15 6 1.3865 0.6964 11544.1621 10966.9893 8635.6982
 16 0 1.3862 0.6951 9419.8516 8948.8936 7099.2754
 16 1 1.3865 0.6941 3642.8936 3460.7834 2574.0269
 16 2 1.3864 0.6933 3963.8359 3765.6787 2621.3528
 16 3 1.3864 0.6926 9136.5986 8679.8027 6384.2446
 16 4 1.3864 0.6921 8990.3877 8540.9023 6127.5317
 16 5 1.3864 0.6917 6502.8042 6177.6987 4548.1802
 16 6 1.3864 0.6915 1951.3674 1853.8336 1404.6895
 17 0 1.3863 0.6914 4898.4365 4653.5493 3584.6328
 17 1 1.3866 0.6917 6170.2437 5861.7661 4464.6265
 17 2 1.3863 0.6921 5731.9946 5445.4297 4206.3105
 17 3 1.3863 0.6925 2061.2490 1958.2212 1385.8419
 17 4 1.3863 0.6929 1071.7355 1018.1833 764.4778
 17 5 1.3863 0.6933 7844.7446 7452.5420 5507.7056
 17 6 1.3863 0.6937 7913.8809 7518.2212 5553.3384
 18 0 1.3863 0.6940 1540.1976 1463.2224 963.7668
 18 1 1.3863 0.6942 1161.8864 1103.8267 800.0997
 18 2 1.3863 0.6944 1231.9858 1170.4211 825.4635
 18 3 1.3863 0.6945 2479.6509 2355.7029 1793.9141
 18 4 1.3863 0.6945 2696.5435 2561.7510 1775.4435
 18 5 1.3863 0.6944 1934.1138 1837.4427 1366.4226
 18 6 1.3863 0.6942 4085.0037 3880.7881 2811.6064
 19 0 1.3863 0.6940 6415.0488 6094.3311 4851.3892
 19 1 1.3863 0.6938 3265.7336 3102.4817 2399.9294
 19 2 1.3863 0.6935 1136.3790 1079.5947 836.3180
 19 3 1.3863 0.6931 2432.6338 2311.0366 1597.8018
 19 4 1.3863 0.6931 4826.0146 4584.7485 3086.9268
 19 5 1.3864 0.6929 10244.1738 9731.9990 6882.7866
 19 6 1.3863 0.6927 3632.7910 3451.1860 2441.2126
 20 0 1.3863 0.6926 4767.5049 4529.1641 3284.9644
 20 1 1.3863 0.6926 9818.3730 9327.4883 7457.0801
 20 2 1.3863 0.6926 4088.4290 3884.0422 2948.6899
 20 3 1.3863 0.6926 2090.7222 1986.2207 1515.0901
 20 4 1.3863 0.6927 5129.5908 4873.1460 3526.6753
 20 5 1.3863 0.6928 2804.5947 2664.3997 1960.3644
 20 6 1.3863 0.6929 1176.6633 1117.8649 831.7010
 21 0 1.3863 0.6931 2254.5078 2141.8171 1546.1765
 21 1 1.3863 0.6932 3813.9678 3623.3040 2775.6160
 21 2 1.3863 0.6933 1954.8024 1857.0969 1340.0244
 21 3 1.3863 0.6934 6844.8750 6502.6660 5054.5693
 21 4 1.3863 0.6935 4284.2817 4070.1023 3105.3474
 21 5 1.3863 0.6935 2344.8000 2227.5947 1551.4163
 21 6 1.3863 0.6935 966.7805 918.4761 650.8681
 22 0 1.3863 0.6935 6145.3276 5838.0957 3948.7183
 22 1 1.3863 0.6935 5773.6211 5484.9746 3911.0066
 22 2 1.3863 0.6935 3093.4307 2938.7937 2240.8894
 22 3 1.3863 0.6934 3064.2273 2911.0505 2241.8750
 22 4 1.3863 0.6933 2327.9756 2211.6113 1725.8026
 22 5 1.3861 0.6933 3225.6716 3064.4226 2256.9260
 22 6 1.3863 0.6932 1440.2629 1368.2844 1024.9152
 23 0 1.3863 0.6932 1002.8748 952.7657 679.2611
 23 1 1.3863 0.6932 1359.8320 1291.8751 956.5206
 23 2 1.3863 0.6931 1912.5732 1816.9792 1260.0959
 23 3 1.3863 0.6932 7871.0029 7477.4873 5697.3032
 23 4 1.3865 0.6933 2530.1746 2403.7004 1603.3478
 23 5 1.3865 0.6934 2217.7112 2106.8604 1375.2969
 23 6 1.3865 0.6936 2488.4734 2364.0845 1829.5431
 24 0 1.3864 0.6939 2652.8391 2520.2317 1897.1548
 24 1 1.3864 0.6942 887.8556 843.4976 601.9842
 24 2 1.3864 0.6945 3465.4548 3292.2168 2287.5154
 24 3 1.3864 0.6947 1746.5378 1659.2457 1153.8284
 24 4 1.3864 0.6949 1255.8562 1193.0981 929.6404
 24 5 1.3864 0.6950 3083.4382 2929.3010 2099.1931
 24 6 1.3864 0.6951 1976.0483 1877.2806 1297.4554
 25 0 1.3864 0.6950 1408.9321 1338.5203 994.2864
 25 1 1.3864 0.6949 774.6029 735.9075 532.5990
 25 2 1.3863 0.6948 2305.8977 2190.6375 1577.7834
 25 3 1.3864 0.6946 1854.8278 1762.1211 1255.6481
 25 4 1.3863 0.6944 4925.9653 4679.7017 3504.7446
 25 5 1.3863 0.6941 2518.7524 2392.8494 1847.5914
 25 6 1.3863 0.6938 2940.6851 2793.6855 2001.3279
 26 0 1.3863 0.6935 1900.9280 1805.9163 1292.1820
 26 1 1.3863 0.6933 745.0442 707.8267 483.5374
 26 2 1.3863 0.6931 2802.7642 2662.6606 1863.6172
 26 3 1.3863 0.6929 807.6769 767.3277 573.7979
 26 4 1.3863 0.6928 1316.2732 1250.4941 906.1958
 26 5 1.3863 0.6928 2932.8110 2786.2051 2007.6471
 26 6 1.3864 0.6927 1817.8557 1726.9976 1215.9579
 27 0 1.3863 0.6928 1915.9213 1820.1598 1402.1398
 27 1 1.3863 0.6928 2214.5962 2103.9011 1500.9929
 27 2 1.3863 0.6929 2701.5054 2566.4648 1813.6783
 27 3 1.3863 0.6930 2456.1636 2333.3901 1589.4023
 27 4 1.3863 0.6932 1744.8601 1657.6517 1213.5623
 27 5 1.3863 0.6933 2072.3313 1968.7494 1478.1125
 27 6 1.3863 0.6934 1326.2233 1259.9468 942.5105
 28 0 1.3863 0.6935 4386.2192 4166.9429 3020.2551
 28 1 1.3863 0.6936 1327.5858 1261.2412 920.1857
 28 2 1.3863 0.6936 1849.9861 1757.5215 1285.7875
 28 3 1.3863 0.6936 1481.0520 1407.0341 1036.8562
 28 4 1.3863 0.6936 941.4506 894.4127 601.3400
 28 5 1.3863 0.6936 1836.3019 1744.5215 1244.4933
 28 6 1.3863 0.6935 3103.3130 2948.1819 2059.6418
 29 0 1.3863 0.6935 515.6630 489.9145 333.4193
 29 1 1.3862 0.6934 1039.7126 987.7617 687.6641
 29 2 1.3863 0.6933 3412.1833 3241.6089 2255.9639
 29 3 1.3863 0.6932 554.0264 526.3597 353.8846
 29 4 1.3863 0.6931 2537.6272 2410.7805 1736.1790
 29 5 1.3863 0.6930 3768.3904 3580.0054 2824.6372
 29 6 1.3863 0.6930 3376.8560 3208.0479 2322.0000
 30 0 1.3863 0.6930 4477.1104 4253.2896 4125.0591
 30 1 1.3863 0.6929 1965.9105 1867.6497 1826.2686
 30 2 1.3863 0.6929 1605.1793 1524.9550 1466.9541
 30 3 1.3863 0.6929 1390.5261 1321.0344 1254.6582
 30 4 1.3863 0.6930 450.2263 427.7496 395.1680
 30 5 1.3863 0.6930 1260.6036 1197.6082 1130.4314
 30 6 1.3863 0.6931 1792.9176 1703.3064 1596.8219
 31 0 1.3863 0.6931 1797.8950 1708.0349 1610.2489
 31 1 1.3863 0.6932 931.8279 885.2712 832.2100
 31 2 1.3863 0.6932 2227.2271 2115.9004 2069.1350
 31 3 1.3880 0.6934 2843.4443 2701.3066 2613.7798
 31 4 1.3863 0.6936 2802.0579 2661.9895 2579.6016
 31 5 1.3863 0.6937 1024.4226 973.2361 898.3002
 31 6 1.3863 0.6938 1195.4312 1135.6942 1081.6033
 32 0 1.3863 0.6938 1444.1259 1371.9542 1310.8608
 32 1 1.3863 0.6938 3330.9551 3164.4419 3069.2349
 32 2 1.3863 0.6937 2750.9563 2613.4431 2493.2542
 32 3 1.3863 0.6936 1567.0637 1488.7452 1401.6221
 32 4 1.3863 0.6935 2239.1362 2127.2141 2073.5059
 32 5 1.3863 0.6934 2656.0835 2523.3140 2427.0581
 32 6 1.3863 0.6933 2718.5024 2582.6121 2501.7927
 33 0 1.3863 0.6931 737.2451 700.4175 665.8346
 33 1 1.3863 0.6930 2713.0312 2577.4143 2439.2693
 33 2 1.3863 0.6929 891.4541 846.9161 781.9091
 33 3 1.3863 0.6928 2554.2656 2426.5869 2320.7695
 33 4 1.3863 0.6928 2843.9150 2701.7539 2577.6250
 33 5 1.3863 0.6928 1339.8762 1272.9171 1225.5312
 33 6 1.3863 0.6928 2062.5132 1959.4221 1884.8243
 34 0 1.3863 0.6929 700.4465 665.4589 636.0883
 34 1 1.3863 0.6929 1183.2141 1124.0880 1064.1462
 34 2 1.3863 0.6930 295.4298 280.6930 251.9539
 34 3 1.3863 0.6931 3520.2625 3344.2839 3209.9448
 34 4 1.3863 0.6931 1871.8092 1778.2534 1698.3635
 34 5 1.3863 0.6932 2526.4014 2400.1160 2275.6646
 34 6 1.3863 0.6930 1506.5266 1431.2350 1362.2727
 35 0 1.3865 0.6933 1457.4176 1384.5814 1333.6240
 35 1 1.3863 0.6933 2155.6001 2047.8547 1968.4218
 35 2 1.3863 0.6933 2278.3350 2164.4529 2066.9648
 35 3 1.3863 0.6933 837.3580 795.5247 746.1185
 35 4 1.3863 0.6933 478.5970 454.7018 423.4712
 35 5 1.3863 0.6932 3202.9492 3042.8364 2919.2734
 35 6 1.3863 0.6932 1906.1053 1810.8347 1741.9884
 36 0 1.3863 0.6932 2152.0957 2044.5255 1955.0205
 36 1 1.3863 0.6931 1485.3616 1411.1282 1354.6281
 36 2 1.3863 0.6931 1591.0651 1511.5465 1439.6371
 36 3 1.3863 0.6931 1404.4688 1334.2799 1294.1848
 36 4 1.3863 0.6929 602.1274 572.0557 534.2177
 36 5 1.3864 0.6929 988.0530 938.6851 891.6984
 36 6 1.3863 0.6929 1943.5283 1846.3866 1785.3146
 37 0 1.3863 0.6930 812.2169 771.6407 729.6110
 37 1 1.3863 0.6930 1612.2200 1531.6437 1457.7761
 37 2 1.3863 0.6930 2639.5112 2507.5703 2441.5850
 37 3 1.3863 0.6931 995.3074 945.5767 889.5313
 37 4 1.3863 0.6932 1044.9653 992.7517 935.2903
 37 5 1.3863 0.6932 544.3196 517.1382 488.4706
 37 6 1.3863 0.6932 1180.6985 1121.6982 1091.0533
 38 0 1.3864 0.6933 1506.3551 1431.0720 1347.2318
 38 1 1.3863 0.6933 2358.7461 2240.8435 2138.5232
 38 2 1.3863 0.6933 1248.1904 1185.8156 1142.0837
 38 3 1.3863 0.6933 1891.0631 1796.5446 1739.9847
 38 4 1.3863 0.6933 1939.6393 1842.6920 1729.9109
 38 5 1.3860 0.6932 242.9215 230.8101 207.3976
 38 6 1.3863 0.6930 2654.7781 2522.0737 2453.6865
 39 0 1.3863 0.6929 2534.1548 2407.4817 2274.1890
 39 1 1.3863 0.6930 644.7628 612.5593 581.5311
 39 2 1.3862 0.6928 2019.3269 1918.3953 1838.5264
 39 3 1.3863 0.6928 609.6628 579.2143 550.5714
 39 4 1.3863 0.6927 677.1313 643.3094 606.2272
 39 5 1.3863 0.6928 1377.7593 1308.9060 1244.0641
 39 6 1.3863 0.6928 2100.0576 1995.0894 1908.5460
 40 0 1.3863 0.6928 2306.0017 2190.7363 2099.9011
 40 1 1.3863 0.6928 712.7812 677.1768 649.1263
 40 2 1.3863 0.6929 1267.3571 1204.0238 1147.2208
 40 3 1.3863 0.6929 2054.7410 1952.0386 1854.2548
 40 4 1.3863 0.6929 2459.2307 2336.3037 2221.8071
 40 5 1.3862 0.6929 449.9989 427.5336 391.8595
 40 6 1.3863 0.6930 1507.9539 1432.5908 1387.4310
 41 0 1.3863 0.6930 452.0940 429.5239 393.4216
 41 1 1.3863 0.6930 2882.1248 2738.0532 2629.0471
 41 2 1.3863 0.6931 1834.7767 1743.0725 1659.3689
 41 3 1.3863 0.6931 1492.8208 1418.2144 1366.7977
 41 4 1.3863 0.6931 1410.0728 1339.6038 1274.7639
 41 5 1.3863 0.6931 445.9293 423.6675 401.2069
 41 6 1.3863 0.6932 697.9031 663.0426 629.0179
 42 0 1.3863 0.6932 1835.4908 1743.7510 1660.6550
 42 1 1.3863 0.6932 1277.2258 1213.3992 1153.0703
 42 2 1.3863 0.6932 1184.4813 1125.2919 1072.7244
 42 3 1.3863 0.6932 1423.8175 1352.6613 1291.5533
 42 4 1.3863 0.6932 519.5634 493.6199 444.4004
 42 5 1.3863 0.6933 1506.0789 1430.8096 1395.8669
 42 6 1.3863 0.6933 1836.7389 1744.9366 1655.4268
 43 0 1.3863 0.6933 2575.4788 2446.7395 2341.2732
 43 1 1.3863 0.6933 393.7445 374.0920 341.7245
 43 2 1.3863 0.6933 1169.4895 1111.0497 1050.8068
 43 3 1.3863 0.6933 1329.9913 1263.5264 1211.1357
 43 4 1.3863 0.6933 2178.7327 2069.8306 1985.0100
 43 5 1.3863 0.6933 606.6364 576.3392 528.1672
 43 6 1.3863 0.6932 941.1730 894.1490 851.0669
 44 0 1.3863 0.6932 1354.9075 1287.1968 1243.5341
 44 1 1.3863 0.6932 1090.7168 1036.2156 983.6015
 44 2 1.3863 0.6932 1147.7258 1090.3741 1040.6067
 44 3 1.3863 0.6932 504.0199 478.8535 430.7447
 44 4 1.3863 0.6932 395.4808 375.7414 336.0433
 44 5 1.3863 0.6932 2545.2512 2418.0232 2269.7346
 44 6 1.3863 0.6932 859.8932 816.9332 774.8495
 45 0 1.3863 0.6933 998.9785 949.0642 903.7706
 45 1 1.3863 0.6933 1052.8409 1000.2335 950.4447
 45 2 1.3863 0.6933 1134.7031 1078.0026 1025.5757
 45 3 1.3863 0.6933 3040.2388 2888.2615 2707.4597
 45 4 1.3863 0.6933 306.5204 291.2291 254.7283
 45 5 1.3863 0.6933 1237.6104 1175.7645 1133.6313
 45 6 1.3863 0.6933 519.6642 493.7156 439.1094
 46 0 1.3863 0.6933 1890.7944 1796.2893 1722.9075
 46 1 1.3863 0.6933 1192.9557 1133.3425 1094.0109
 46 2 1.3863 0.6933 1104.1531 1048.9801 972.8499
 46 3 1.3863 0.6933 1489.2579 1414.8297 1342.3486
 46 4 1.3863 0.6933 764.8157 726.6096 675.2013
 46 5 1.3863 0.6933 292.0558 277.4877 241.6854
 46 6 1.3863 0.6933 922.6169 876.5207 823.2628
 47 0 1.3863 0.6933 307.4532 292.1152 254.6171
 47 1 1.3863 0.6932 793.0475 753.4298 710.6444
 47 2 1.3863 0.6932 1991.3766 1891.8424 1774.2378
 47 3 1.3863 0.6932 1205.9843 1145.7197 1114.1622
 47 4 1.3863 0.6932 1037.4167 985.5806 939.3795
 47 5 1.3863 0.6932 1184.6273 1125.4307 1056.5680
 47 6 1.3863 0.6932 938.0772 891.2080 820.5461
 48 0 1.3863 0.6932 1090.9391 1036.4268 949.0946
 48 1 1.3863 0.6932 1478.0758 1404.2067 1348.4377
 48 2 1.3863 0.6931 1831.0543 1739.5363 1668.3147
 48 3 1.3863 0.6931 475.3554 451.6223 424.8759
 48 4 1.3863 0.6931 1113.4636 1057.8251 1006.0665
 48 5 1.3863 0.6931 600.7238 570.7222 531.5916
 48 6 1.3863 0.6931 1685.4790 1601.2397 1496.7203
 49 0 1.3863 0.6931 629.3134 597.8824 560.2802
 49 1 1.3863 0.6931 751.2903 713.7604 664.9741
 49 2 1.3863 0.6931 875.2496 831.5218 782.2821
 49 3 1.3863 0.6931 2011.2477 1910.7200 1827.9320
 49 4 1.3863 0.6931 1161.0352 1103.0181 1030.1147
 49 5 1.3863 0.6931 876.5740 832.7800 787.5588
 49 6 1.3863 0.6931 1123.7990 1067.6437 1000.9834
 50 0 1.3863 0.6931 1688.6169 1604.2207 1551.8766
 50 1 1.3863 0.6931 1139.2601 1082.3318 1037.6833
 50 2 1.3863 0.6931 1814.7246 1724.0231 1626.5649
 50 3 1.3863 0.6931 1411.2122 1340.6862 1283.4073
 50 4 1.3863 0.6931 732.7090 696.1083 643.7640
 50 5 1.3863 0.6931 508.7313 483.3294 437.0768
 50 6 1.3863 0.6931 1123.0051 1066.8895 991.6956
 51 0 1.3863 0.6931 255.2698 242.5409 204.5454
 51 1 1.3863 0.6931 563.5298 535.3880 498.1089
 51 2 1.3863 0.6931 1841.1133 1749.0923 1650.3530
 51 3 1.3863 0.6932 1802.1239 1712.0524 1658.3896
 51 4 1.3863 0.6932 1070.6486 1017.1508 957.3446
 51 5 1.3863 0.6932 1482.5596 1408.4662 1323.2202
 51 6 1.3863 0.6932 1070.1152 1016.6441 969.4609
 52 0 1.3863 0.6932 1050.6293 998.1324 942.1584
 52 1 1.3863 0.6932 1076.2240 1022.4474 941.5256
 52 2 1.3863 0.6932 1213.5885 1152.9437 1076.6449
 52 3 1.3863 0.6932 1593.6373 1513.9901 1468.6167
 52 4 1.3863 0.6932 2316.8887 2201.0789 2107.4878
 52 5 1.3863 0.6932 1716.4949 1630.7048 1570.7819
 52 6 1.3863 0.6932 659.1457 626.2231 574.9131
 53 0 1.3863 0.6932 1655.9995 1573.2341 1483.8821
 53 1 1.3863 0.6932 1087.2661 1032.9375 1001.3128
 53 2 1.3863 0.6932 874.2174 830.5412 784.3134
 53 3 1.3863 0.6932 353.4117 335.7758 289.2896
 53 4 1.3863 0.6932 904.6235 859.4270 812.1172
 53 5 1.3863 0.6932 998.4995 948.6091 862.3460
 53 6 1.3863 0.6932 1191.7502 1132.1974 1074.3619
 54 0 1.3863 0.6932 1098.0684 1043.1996 993.2658
 54 1 1.3863 0.6932 1527.3282 1450.9965 1375.7452
 54 2 1.3863 0.6932 432.8840 411.2745 358.5264
 54 3 1.3863 0.6932 1232.6615 1171.0631 1129.9736
 54 4 1.3863 0.6932 1162.0710 1104.0022 1011.1626
 54 5 1.3863 0.6932 1383.3569 1314.2238 1236.6129
 54 6 1.3863 0.6932 440.5227 418.5312 386.8636
 55 0 1.3863 0.6932 1173.7042 1115.0537 1050.4518
 55 1 1.3863 0.6932 924.3140 878.1330 843.9297
 55 2 1.3863 0.6932 1353.9106 1286.2498 1204.3707
 55 3 1.3863 0.6932 922.8982 876.7880 833.8959
 55 4 1.3863 0.6931 1515.5519 1439.8090 1357.6571
 55 5 1.3863 0.6931 1102.8224 1047.7159 953.2993
 55 6 1.3863 0.6931 782.4711 743.3822 707.0317
 56 0 1.3863 0.6931 978.7323 929.8303 880.4865
 56 1 1.3863 0.6931 1085.2917 1031.0618 968.7456
 56 2 1.3863 0.6931 1332.9572 1266.3440 1229.7231
 56 3 1.3863 0.6931 349.4075 331.9718 296.4845
 56 4 1.3863 0.6931 3541.1724 3364.1484 3225.5120
 56 5 1.3863 0.6931 1238.3052 1176.4246 1076.5007
 56 6 1.3863 0.6931 1075.5781 1021.8339 955.1185
 57 0 1.3863 0.6931 783.8895 744.7297 691.0861
 57 1 1.3863 0.6931 766.8269 728.5202 683.7729
 57 2 1.3863 0.6932 595.8088 566.0530 526.8676
 57 3 1.3863 0.6932 2518.8000 2392.8948 2289.5779
 57 4 1.3863 0.6932 1149.4716 1092.0326 1056.0464
 57 5 1.3863 0.6932 1162.2465 1104.1688 1033.3271
 57 6 1.3863 0.6931 2217.5818 2106.7373 2035.7574
 58 0 1.3863 0.6932 926.9365 880.6243 819.3643
 58 1 1.3863 0.6932 1937.6011 1840.7556 1769.1389
 58 2 1.3863 0.6932 880.6841 836.6846 770.7784
 58 3 1.3863 0.6932 444.6129 422.4169 385.2679
 58 4 1.3863 0.6932 1388.1898 1318.8149 1236.0886
 58 5 1.3863 0.6932 1016.9182 966.1069 911.9741
 58 6 1.3863 0.6932 1059.5962 1006.6511 952.4746
 59 0 1.3863 0.6932 1506.1812 1430.9067 1349.0912
 59 1 1.3863 0.6932 446.9021 424.5916 375.5235
 59 2 1.3863 0.6932 1716.9116 1631.1007 1524.2413
 59 3 1.3863 0.6932 1230.9193 1169.4080 1119.7411
 59 4 1.3863 0.6932 1160.8485 1102.8407 1053.5624
 59 5 1.3863 0.6932 792.4511 752.8632 708.5219
 59 6 1.3863 0.6932 1521.9596 1445.8962 1393.1945
 60 0 1.3863 0.6932 2183.6045 2074.4590 2016.0702
 60 1 1.3863 0.6932 1248.1152 1185.7441 1115.8702
 60 2 1.3863 0.6932 1189.5004 1130.0601 1088.5345
 60 3 1.3863 0.6932 401.2456 381.2180 351.2042
 60 4 1.3863 0.6932 886.3660 842.0824 786.7966
 60 5 1.3863 0.6932 1452.5209 1379.9294 1285.7139
 60 6 1.3863 0.6932 3561.3035 3383.2729 3220.0886
 61 0 1.3863 0.6932 376.7903 357.9854 337.3752
 61 1 1.3862 0.6932 386.1493 366.8765 332.1366
 61 2 1.3868 0.6932 2940.3252 2793.3435 2686.7471
 61 3 1.3863 0.6932 1794.1891 1704.5143 1619.9287
 61 4 1.3863 0.6932 981.8285 932.7717 870.8186
 61 5 1.3863 0.6932 820.6723 779.6733 726.2959
 61 6 1.3863 0.6932 1026.4117 975.1258 907.1469
 62 0 1.3863 0.6932 1374.2572 1305.5790 1252.2773
 62 1 1.3863 0.6932 1731.2540 1644.7260 1553.0010
 62 2 1.3863 0.6932 1505.0441 1429.8265 1346.2772
 62 3 1.3863 0.6932 1096.2209 1041.4446 990.1006
 62 4 1.3863 0.6932 468.0412 444.6738 408.5066
 62 5 1.3863 0.6932 243.3209 231.1895 198.3523
 62 6 1.3863 0.6932 1093.6776 1039.0284 980.3281
 63 0 1.3863 0.6932 572.4539 543.8658 503.6557
 63 1 1.3863 0.6932 1669.1498 1585.7269 1511.2108
 63 2 1.3863 0.6932 1306.1476 1240.8749 1198.8805
 63 3 1.3863 0.6932 391.7490 372.1962 328.1689
 63 4 1.3863 0.6932 917.7349 871.8828 819.9810
 63 5 1.3863 0.6932 2688.0942 2553.7241 2434.6152
 63 6 1.3863 0.6932 1047.2612 994.9328 917.6058
 64 0 1.3863 0.6932 895.7486 850.9958 802.4414
 64 1 1.3863 0.6932 1152.1475 1094.5747 1053.8177
 64 2 1.3863 0.6932 1324.9182 1258.7069 1203.0123
 64 3 1.3863 0.6931 917.1921 871.3672 805.0671
 64 4 1.3863 0.6931 1809.8716 1719.4126 1619.7828
 64 5 1.3863 0.6931 810.7335 770.2315 730.2345
 64 6 1.3863 0.6931 1018.1844 967.3099 918.4838
 65 0 1.3863 0.6931 1065.9358 1012.6736 935.0672
 65 1 1.3863 0.6931 1277.4681 1213.6294 1147.0214
 65 2 1.3863 0.6931 1279.0430 1215.1255 1174.5436
 65 3 1.3863 0.6931 428.6837 407.2842 368.5446
 65 4 1.3863 0.6931 2946.9382 2799.6260 2693.2651
 65 5 1.3863 0.6931 895.5416 850.7992 796.5050
 65 6 1.3863 0.6931 526.2142 499.9381 470.0808
 66 0 1.3863 0.6931 1013.5265 962.8848 918.5143
 66 1 1.3863 0.6931 1197.1475 1137.3247 1093.8943
 66 2 1.3863 0.6931 1114.6006 1058.9052 1005.1281
 66 3 1.3863 0.6931 340.3011 323.3207 295.1428
 66 4 1.3863 0.6931 945.2758 898.0467 843.6918
 66 5 1.3863 0.6931 1833.4235 1741.7870 1640.1527
 66 6 1.3863 0.6931 1230.6405 1169.1432 1094.9333
 67 0 1.3863 0.6931 628.7978 597.3926 547.0189
 67 1 1.3863 0.6931 1690.2449 1605.7673 1525.3656
 67 2 1.3863 0.6931 317.0711 301.2523 271.2544
 67 3 1.3863 0.6931 1024.7136 973.5126 925.3015
 67 4 1.3863 0.6931 1661.3810 1578.3466 1501.5867
 67 5 1.3863 0.6932 491.4835 466.9440 428.5210
 67 6 1.3863 0.6932 2033.6788 1932.0295 1817.7479
 68 0 1.3863 0.6932 2667.1145 2533.7935 2459.8530
 68 1 1.3863 0.6932 961.8554 913.7973 872.5004
 68 2 1.3863 0.6932 335.6673 318.9186 288.8508
 68 3 1.3863 0.6932 1806.3474 1716.0647 1610.4381
 68 4 1.3863 0.6932 1269.9666 1206.5029 1130.6488
 68 5 1.3863 0.6932 1128.9354 1072.5233 1018.8877
 68 6 1.3863 0.6932 1091.6517 1037.1038 962.3105
 69 0 1.3863 0.6932 973.8560 925.1979 885.3453
 69 1 1.3863 0.6932 1156.0591 1098.2908 1038.2711
 69 2 1.3863 0.6932 414.9759 394.2617 371.3144
 69 3 1.3863 0.6932 3880.7026 3686.7021 3501.8555
 69 4 1.3863 0.6932 2198.5403 2088.6479 1983.0288
 69 5 1.3863 0.6932 1622.9463 1541.8336 1491.4135
 69 6 1.3863 0.6932 470.7031 447.2026 394.6100
 70 0 1.3863 0.6932 1260.1367 1197.1646 1120.5337
 70 1 1.3863 0.6932 1162.2676 1104.1888 1057.8873
 70 2 1.3863 0.6932 1356.4366 1288.6494 1234.2512
 70 3 1.3863 0.6932 995.4545 945.7164 884.7109
 70 4 1.3863 0.6932 1127.0338 1070.7168 1027.4106
 70 5 1.3863 0.6932 1300.8704 1235.8615 1169.5581
 70 6 1.3863 0.6932 1029.4377 978.0005 924.7346
 71 0 1.3863 0.6932 1464.3046 1391.1240 1300.4412
 71 1 1.3863 0.6932 1196.5481 1136.7554 1085.0654
 71 2 1.3863 0.6932 2961.7046 2813.6541 2684.7756
 71 3 1.3863 0.6932 1241.9069 1179.8462 1099.4806
 71 4 1.3863 0.6932 1241.7638 1179.7102 1138.9397
 71 5 1.3863 0.6932 447.1594 424.8361 392.5298
 71 6 1.3863 0.6932 814.7451 774.0425 722.6461
 72 0 1.3863 0.6932 882.2142 838.1381 795.4637
 72 1 1.3863 0.6932 1234.5114 1172.8204 1105.8221
 72 2 1.3863 0.6932 324.0673 307.8986 263.6188
 72 3 1.3863 0.6932 2516.8872 2391.0774 2301.1941
 72 4 1.3863 0.6932 1209.1309 1148.7090 1095.3884
 72 5 1.3863 0.6932 248.5443 236.1517 216.0205
 72 6 1.3863 0.6932 3053.1658 2900.5422 2724.8750
 73 0 1.3863 0.6932 1609.1636 1528.7400 1441.2161
 73 1 1.3863 0.6932 991.3762 941.8420 900.5861
 73 2 1.3863 0.6932 1255.9926 1193.2275 1124.4503
 73 3 1.3863 0.6932 1468.9243 1395.5127 1335.2625
 73 4 1.3863 0.6932 1359.9666 1292.0029 1236.4702
 73 5 1.3863 0.6932 341.2932 324.2632 300.7615
 73 6 1.3863 0.6932 1793.3649 1703.7313 1619.7056
 74 0 1.3863 0.6932 982.0455 932.9779 903.5817
 74 1 1.3863 0.6932 738.9140 702.0030 663.3141
 74 2 1.3863 0.6932 398.2470 378.3694 341.2394
 74 3 1.3863 0.6932 1347.0750 1279.7559 1176.2118
 74 4 1.3863 0.6932 599.2767 569.3475 523.1379
 74 5 1.3863 0.6932 3713.8682 3528.2095 3416.7632
 74 6 1.3863 0.6932 1641.4550 1559.4169 1479.5505
 75 0 1.3863 0.6932 1599.7163 1519.7651 1435.3643
 75 1 1.3863 0.6932 690.9283 656.4166 613.6570
 75 2 1.3863 0.6932 1002.4578 952.3696 907.8932
 75 3 1.3863 0.6932 1289.0541 1224.6360 1168.8025
 75 4 1.3863 0.6932 2008.8613 1908.4529 1826.4585
 75 5 1.3863 0.6932 1364.9630 1296.7495 1223.4807
 75 6 1.3863 0.6932 891.6969 847.1467 801.0341
 76 0 1.3863 0.6932 1150.7532 1093.2501 1029.8958
 76 1 1.3863 0.6932 969.9417 921.4793 865.2018
 76 2 1.3863 0.6932 395.7459 375.9933 341.5189
 76 3 1.3863 0.6932 1770.6571 1682.1589 1629.9849
 76 4 1.3863 0.6932 1184.6626 1125.4641 1030.2833
 76 5 1.3863 0.6932 2572.7090 2444.1082 2331.7825
 76 6 1.3863 0.6932 904.0618 858.8934 808.1285
 77 0 1.3863 0.6932 1139.5603 1082.6169 1001.1408
 77 1 1.3863 0.6932 1360.0223 1292.0559 1225.7941
 77 2 1.3863 0.6932 1384.7513 1315.5485 1264.5945
 77 3 1.3863 0.6932 1444.7452 1372.5426 1322.6450
 77 4 1.3863 0.6932 1248.3540 1185.9709 1104.9811
 77 5 1.3863 0.6932 1086.9098 1032.5990 959.9140
 77 6 1.3863 0.6932 368.8295 350.4227 321.9444
 78 0 1.3863 0.6932 1329.0153 1262.5991 1189.6687
 78 1 1.3863 0.6932 1097.6907 1042.8408 1002.4370
 78 2 1.3863 0.6932 1643.8571 1561.6989 1498.7902
 78 3 1.3863 0.6932 1258.3737 1195.4896 1106.8737
 78 4 1.3863 0.6932 849.0763 806.6572 761.2949
 78 5 1.3863 0.6932 1085.8263 1031.5696 972.4130
 78 6 1.3863 0.6932 310.1401 294.6677 272.7270
 79 0 1.3863 0.6932 1022.9961 971.8809 914.5535
 79 1 1.3863 0.6932 302.8782 287.7690 251.8748
 79 2 1.3863 0.6931 1210.4861 1149.9965 1062.2534
 79 3 1.3863 0.6931 431.4674 409.9287 372.2021
 79 4 1.3863 0.6931 589.6786 560.2294 530.4290
 79 5 1.3863 0.6931 3166.4827 3008.1931 2848.8755
 79 6 1.3863 0.6931 1859.3160 1766.3849 1710.4603
 80 0 1.3863 0.6931 598.6851 568.7855 566.1204
 80 1 1.3863 0.6931 653.1020 620.4816 622.1042
 80 2 1.3863 0.6931 1045.2827 993.0532 999.7393
 80 3 1.3863 0.6931 980.4943 931.5043 927.7181
 80 4 1.3863 0.6931 1880.7147 1786.7136 1801.3418
 80 5 1.3863 0.6931 950.1707 902.6968 898.4901
 80 6 1.3863 0.6931 948.8158 901.4097 896.9984
 81 0 1.3863 0.6931 984.4232 935.2367 935.9670
 81 1 1.3863 0.6931 662.7883 629.6835 633.4759
 81 2 1.3863 0.6931 1790.9792 1701.4650 1695.7363
 81 3 1.3863 0.6931 1264.3141 1201.1331 1206.5544
 81 4 1.3863 0.6931 1076.7402 1022.9379 1027.3512
 81 5 1.3863 0.6931 366.0826 347.8131 340.6262
 81 6 1.3863 0.6931 867.8594 824.5010 819.8479
 82 0 1.3863 0.6931 1364.4086 1296.2228 1284.7141
 82 1 1.3863 0.6931 565.6311 537.3842 528.8414
 82 2 1.3863 0.6931 1111.6514 1056.1034 1056.5597
 82 3 1.3863 0.6931 1246.0173 1183.7511 1178.3688
 82 4 1.3863 0.6931 1111.6943 1056.1443 1061.6919
 82 5 1.3863 0.6931 930.1477 883.6750 881.2022
 82 6 1.3863 0.6931 572.5007 543.9103 545.0090
 83 0 1.3863 0.6931 240.1557 228.1826 221.1127
 83 1 1.3863 0.6931 819.2281 778.3013 776.6137
 83 2 1.3863 0.6931 1000.1039 950.1334 941.5934
 83 3 1.3863 0.6931 769.0146 730.5986 730.0672
 83 4 1.3863 0.6931 776.7204 737.9190 729.8160
 83 5 1.3863 0.6931 1147.7853 1090.4307 1092.3506
 83 6 1.3863 0.6931 2033.9307 1932.2688 1922.9783
 84 0 1.3863 0.6931 905.0290 859.8122 852.4029
 84 1 1.3863 0.6931 2455.2500 2332.5222 2327.7827
 84 2 1.3863 0.6931 802.4929 762.4030 754.8187
 84 3 1.3863 0.6931 493.4223 468.7858 459.5357
 84 4 1.3863 0.6931 548.6336 521.2366 520.6454
 84 5 1.3863 0.6931 1053.7561 1001.1030 1006.6187
 84 6 1.3863 0.6931 1253.3933 1190.7583 1194.0300
 85 0 1.3863 0.6931 1422.2743 1351.1952 1357.7091
 85 1 1.3863 0.6931 487.6664 463.3178 462.8094
 85 2 1.3863 0.6931 906.8482 861.5405 861.7094
 85 3 1.3863 0.6931 1097.5342 1042.6921 1031.3452
 85 4 1.3863 0.6931 989.1522 939.7292 936.3688
 85 5 1.3863 0.6931 1038.4187 986.5324 983.3029
 85 6 1.3863 0.6931 1154.8470 1097.1394 1090.5673
 86 0 1.3863 0.6931 1010.2847 959.8052 964.3666
 86 1 1.3863 0.6931 1201.0720 1141.0531 1144.2422
 86 2 1.3863 0.6931 1371.1635 1302.6399 1288.2233
 86 3 1.3863 0.6931 1059.3685 1006.4348 1004.7190
 86 4 1.3863 0.6931 965.8809 917.6215 917.1182
 86 5 1.3863 0.6931 367.2521 348.9242 342.2078
 86 6 1.3863 0.6931 752.3022 714.7217 708.5763
 87 0 1.3863 0.6931 929.2249 882.7983 881.4020
 87 1 1.3863 0.6931 955.6488 907.9010 906.7835
 87 2 1.3863 0.6931 1697.0402 1612.2228 1615.8445
 87 3 1.3863 0.6931 869.8116 826.3557 825.0526
 87 4 1.3863 0.6931 540.8442 513.8367 512.4669
 87 5 1.3863 0.6931 1073.7852 1020.1306 1003.4025
 87 6 1.3863 0.6931 1371.6041 1303.0586 1292.6758
 88 0 1.3863 0.6931 921.1473 875.1246 866.1875
 88 1 1.3863 0.6931 669.6491 636.2013 628.8983
 88 2 1.3863 0.6931 934.9768 888.2626 874.6060
 88 3 1.3863 0.6931 1087.0985 1032.7782 1033.0314
 88 4 1.3863 0.6931 633.9420 602.2796 603.9363
 88 5 1.3863 0.6931 2440.6162 2318.6201 2317.1653
 88 6 1.3863 0.6931 946.3309 899.0491 896.3956
 89 0 1.3863 0.6931 769.3453 730.9127 728.7538
 89 1 1.3863 0.6931 962.3633 914.2798 913.3253
 89 2 1.3863 0.6931 895.8276 851.0709 852.9203
 89 3 1.3863 0.6931 2196.8923 2087.0823 2081.6746
 89 4 1.3863 0.6931 997.3127 947.4817 937.7988
 89 5 1.3863 0.6931 1071.7302 1018.1783 1020.8074
 89 6 1.3863 0.6931 882.6911 838.5912 836.9167
 90 0 1.3863 0.6931 376.4148 357.6288 350.6163
 90 1 1.3863 0.6931 514.9787 489.2644 480.3111
 90 2 1.3863 0.6931 790.8229 751.3165 750.7179
 90 3 1.3863 0.6931 1009.1839 958.7593 962.9404
 90 4 1.3863 0.6931 1650.9927 1568.4777 1565.1566
 90 5 1.3863 0.6931 1110.5935 1055.0985 1054.6232
 90 6 1.3863 0.6931 1307.8899 1242.5300 1227.8921
 91 0 1.3863 0.6931 253.0877 240.4680 236.3618
 91 1 1.3863 0.6931 666.9540 633.6409 632.2344
 91 2 1.3863 0.6931 396.4464 376.6588 367.8614
 91 3 1.3863 0.6931 1876.3625 1782.5791 1774.3466
 91 4 1.3863 0.6931 1712.5457 1626.9530 1631.1818
 91 5 1.3863 0.6931 401.3581 381.3248 380.0624
 91 6 1.3863 0.6931 1610.8835 1530.3740 1534.0347
 92 0 1.3863 0.6931 863.7211 820.5697 808.7687
 92 1 1.3863 0.6931 919.9311 873.9692 870.3381
 92 2 1.3863 0.6931 1403.4261 1333.2896 1336.7693
 92 3 1.3863 0.6931 440.2394 418.2621 412.8353
 92 4 1.3863 0.6931 767.0256 728.7090 721.6990
 92 5 1.3863 0.6931 1049.1653 996.7417 986.7493
 92 6 1.3863 0.6931 1015.3587 964.6254 960.0238
 93 0 1.3863 0.6932 1753.4386 1665.8013 1658.1101
 93 1 1.3863 0.6932 898.2920 853.4120 847.8254
 93 2 1.3863 0.6932 1795.0535 1705.3354 1705.3372
 93 3 1.3863 0.6932 405.9568 385.6936 385.0751
 93 4 1.3863 0.6932 902.8899 857.7800 859.7946
 93 5 1.3863 0.6932 437.1135 415.2924 406.2667
 93 6 1.3863 0.6932 874.8808 831.1714 828.4325
 94 0 1.3863 0.6932 552.3539 524.7709 523.2462
 94 1 1.3863 0.6932 1773.5333 1684.8914 1687.8906
 94 2 1.3863 0.6932 990.8585 941.3502 938.2746
 94 3 1.3863 0.6932 944.6415 897.4441 895.0972
 94 4 1.3863 0.6932 1924.5518 1828.3588 1818.4341
 94 5 1.3861 0.6932 212.9103 202.2994 193.9708
 94 6 1.3863 0.6932 357.5135 339.6725 336.3709
 95 0 1.3863 0.6932 1128.7913 1072.3864 1071.1277
 95 1 1.3863 0.6932 1838.5411 1746.6487 1746.4451
 95 2 1.3863 0.6932 817.8443 776.9868 773.9669
 95 3 1.3863 0.6932 402.9188 382.8075 377.7099
 95 4 1.3863 0.6932 529.4451 503.0075 493.8900
 95 5 1.3863 0.6932 2690.2480 2555.7703 2535.9941
 95 6 1.3863 0.6932 281.2754 267.2463 261.7371
 96 0 1.3863 0.6932 914.3043 868.6237 860.7781
 96 1 1.3863 0.6932 1314.7205 1249.0190 1237.9706
 96 2 1.3863 0.6932 1043.8052 991.6496 987.0563
 96 3 1.3863 0.6932 1249.0508 1186.6329 1188.4923
 96 4 1.3863 0.6932 1033.1917 981.5667 983.7969
 96 5 1.3863 0.6932 873.3196 829.6883 829.7936
 96 6 1.3863 0.6932 510.1609 484.6875 481.6317
 97 0 1.3863 0.6932 1063.1873 1010.0626 1001.6718
 97 1 1.3863 0.6932 1871.2197 1777.6934 1773.1465
 97 2 1.3862 0.6932 963.2017 915.0762 917.5551
 97 3 1.3863 0.6932 287.1056 272.7849 265.1684
 97 4 1.3863 0.6932 626.0101 594.7442 591.8189
 97 5 1.3863 0.6932 1777.9985 1689.1333 1692.8287
 97 6 1.3863 0.6932 1022.5719 971.4780 966.3004
 98 0 1.3863 0.6932 862.1544 819.0814 807.7448
 98 1 1.3863 0.6932 2602.7671 2472.6633 2470.7053
 98 2 1.3863 0.6932 359.3493 341.4165 333.6399
 98 3 1.3863 0.6932 1406.9841 1336.6696 1332.9187
 98 4 1.3863 0.6932 1024.7134 973.5124 977.5400
 98 5 1.3863 0.6932 588.7585 559.3552 560.1927
 98 6 1.3862 0.6932 522.4845 496.3949 487.0454
 99 0 1.3863 0.6932 1089.8583 1035.4000 1029.7939
 99 1 1.3863 0.6932 1771.1984 1682.6731 1681.8077
 99 2 1.3863 0.6932 774.8118 736.1059 734.9711
 99 3 1.3863 0.6932 937.7147 890.8636 885.2256
 99 4 1.3862 0.6932 298.0284 283.1616 276.2059
 99 5 1.3863 0.6932 1248.2834 1185.9039 1179.1302
 99 6 1.3863 0.6932 955.8669 908.1083 901.3745
 100 0 1.3862 0.6932 1643.3828 1561.2483 1557.3340
 100 1 1.3863 0.6932 1223.8245 1162.6678 1144.6796
 100 2 1.3860 0.6932 375.5114 356.7704 349.1631
 100 3 1.3863 0.6932 1016.2506 965.4727 964.3928
 100 4 1.3863 0.6932 976.2935 927.5134 926.5283
 100 5 1.3863 0.6932 1016.1823 965.4078 970.1310
 100 6 1.3863 0.6932 396.6588 376.8605 366.0644
 101 0 1.3863 0.6932 833.4838 791.8442 790.1709
 101 1 1.3863 0.6932 347.0526 329.7346 324.5600
 101 2 1.3863 0.6932 1509.2805 1433.8512 1425.6281
 101 3 1.3863 0.6932 496.8776 472.0684 462.8114
 101 4 1.3863 0.6932 1477.7712 1403.9174 1408.3074
 101 5 1.3863 0.6932 1151.5430 1094.0005 1087.0015
 101 6 1.3863 0.6932 851.3089 808.7781 803.7643
 102 0 1.3863 0.6932 997.4398 947.6024 940.0014
 102 1 1.3863 0.6932 1238.6947 1176.7947 1158.3042
 102 2 1.3863 0.6932 995.2700 945.5412 945.7060
 102 3 1.3863 0.6932 993.4904 943.8505 951.4523
 102 4 1.3863 0.6932 392.8559 373.2478 364.2856
 102 5 1.3863 0.6932 1308.4304 1243.0436 1231.9325
 102 6 1.3863 0.6932 291.0077 276.4920 270.2737
 103 0 1.3863 0.6932 954.4926 906.8026 910.2014
 103 1 1.3863 0.6932 350.1195 332.6482 325.3920
 103 2 1.3863 0.6932 988.4590 939.0707 936.4183
 103 3 1.3863 0.6932 1002.3101 952.2292 945.3322
 103 4 1.3863 0.6932 987.9998 938.6344 939.3326
 103 5 1.3863 0.6932 1184.1279 1124.9562 1125.1699
 103 6 1.3863 0.6932 1279.6014 1215.6560 1205.0173
 104 0 1.3863 0.6932 837.7844 795.9299 792.6501
 104 1 1.3863 0.6932 964.5106 916.3197 913.7288
 104 2 1.3863 0.6932 318.6735 302.7744 299.8671
 104 3 1.3863 0.6932 1017.0428 966.2253 948.8068
 104 4 1.3863 0.6932 2129.1045 2022.6840 2029.7590
 104 5 1.3863 0.6932 1955.3921 1857.6571 1845.3750
 104 6 1.3863 0.6932 218.1060 207.2353 200.7851
 105 0 1.3863 0.6932 643.5085 611.3678 609.8390
 105 1 1.3863 0.6932 2142.5078 2035.4171 2025.9823
 105 2 1.3863 0.6932 1032.7694 981.1656 975.3537
 105 3 1.3863 0.6932 396.1526 376.3796 369.8929
 105 4 1.3863 0.6932 1504.3721 1429.1881 1419.5457
 105 5 1.3863 0.6932 936.7014 889.9010 893.7985
 105 6 1.3863 0.6932 1035.8204 984.0641 987.3962
 106 0 1.3863 0.6932 1202.3405 1142.2581 1140.1787
 106 1 1.3863 0.6932 1004.7972 954.5920 956.8163
 106 2 1.3863 0.6932 278.4108 264.5249 257.5141
 106 3 1.3863 0.6932 1048.5433 996.1508 998.3600
 106 4 1.3863 0.6932 1512.3862 1436.8015 1427.9586
 106 5 1.3863 0.6932 448.9134 426.5024 425.1429
 106 6 1.3863 0.6931 1341.7690 1274.7152 1271.9666
 107 0 1.3863 0.6931 1745.4825 1658.2430 1648.6763
 107 1 1.3863 0.6931 978.6874 929.7877 929.0074
 107 2 1.3863 0.6931 961.7067 913.6560 915.5935
 107 3 1.3863 0.6931 1055.2211 1002.4947 992.5438
 107 4 1.3863 0.6931 843.8174 801.6613 795.9633
 107 5 1.3863 0.6931 324.8621 308.6537 305.8173
 107 6 1.3863 0.6931 1023.0008 971.8854 971.8369
 108 0 1.3863 0.6931 389.2889 369.8592 363.2707
 108 1 1.3863 0.6931 781.1963 742.1711 738.0922
 108 2 1.3863 0.6931 538.8911 511.9812 511.1945
 108 3 1.3863 0.6931 923.0007 876.8854 870.6807
 108 4 1.3863 0.6931 1447.4098 1375.0740 1362.3667
 108 5 1.3863 0.6931 950.9773 903.4631 889.7009
 108 6 1.3863 0.6931 2003.8864 1903.7267 1906.9146
 109 0 1.3863 0.6931 493.2017 468.5762 462.6258
 109 1 1.3863 0.6931 208.3266 197.9449 195.0360
 109 2 1.3863 0.6931 1127.8528 1071.4948 1074.0824
 109 3 1.3863 0.6931 1361.2090 1293.1832 1286.6909
 109 4 1.3863 0.6931 1111.5740 1056.0299 1049.2987
 109 5 1.3863 0.6931 1240.6177 1178.6215 1168.1724
 109 6 1.3863 0.6931 971.1693 922.6455 911.1667
 110 0 1.3863 0.6931 215.9413 205.1789 199.1286
 110 1 1.3863 0.6931 972.5346 923.9425 921.2953
 110 2 1.3863 0.6931 1774.3219 1685.6405 1675.3344
 110 3 1.3863 0.6931 986.3571 937.0739 924.4451
 110 4 1.3863 0.6931 947.7921 900.4372 896.3463
 110 5 1.3863 0.6931 960.3784 912.3941 916.1598
 110 6 1.3863 0.6931 213.6441 202.9966 195.5110
 111 0 1.3863 0.6931 1094.1865 1039.5118 1033.2477
 111 1 1.3863 0.6931 1236.5096 1174.7189 1175.5319
 111 2 1.3863 0.6931 690.1252 655.6536 657.0449
 111 3 1.3863 0.6931 1477.5046 1403.6641 1406.9072
 111 4 1.3863 0.6931 1784.7811 1695.5767 1702.7812
 111 5 1.3863 0.6931 1096.7770 1041.9728 1039.1326
 111 6 1.3863 0.6931 496.1459 471.3732 467.6314
 112 0 1.3863 0.6931 869.9066 826.4459 821.9606
 112 1 1.3863 0.6931 1212.9237 1152.3121 1147.0200
 112 2 1.3863 0.6931 983.7218 934.5704 926.9407
 112 3 1.3863 0.6931 995.9515 946.1886 938.7227
 112 4 1.3863 0.6931 590.3405 560.8581 562.0632
 112 5 1.3863 0.6931 802.5021 762.4117 755.2050
 112 6 1.3863 0.6931 1112.4396 1056.8523 1058.3143
 113 0 1.3863 0.6931 426.1884 404.9137 400.0563
 113 1 1.3863 0.6931 435.0918 413.3718 406.9731
 113 2 1.3863 0.6931 895.3942 850.6591 843.6822
 113 3 1.3863 0.6931 1041.4171 989.3809 979.3364
 113 4 1.3863 0.6931 1095.6471 1040.8994 1021.1631
 113 5 1.3863 0.6931 665.4309 632.1940 629.2951
 113 6 1.3863 0.6931 3029.3784 2877.9441 2887.6865
 114 0 1.3863 0.6931 661.3712 628.3373 620.9135
 114 1 1.3863 0.6931 722.2084 686.1327 680.4313
 114 2 1.3863 0.6931 313.4909 297.8510 286.2079
 114 3 1.3863 0.6931 1284.8416 1220.6342 1218.5889
 114 4 1.3863 0.6931 1778.1357 1689.2635 1692.6971
 114 5 1.3863 0.6931 896.8049 851.9993 844.2066
 114 6 1.3863 0.6931 1281.7437 1217.6912 1208.3407
 115 0 1.3863 0.6931 878.2437 834.3662 822.2610
 115 1 1.3863 0.6931 2899.2451 2754.3174 2758.6890
 115 2 1.3863 0.6931 394.6490 374.9512 365.6464
 115 3 1.3863 0.6931 683.6470 649.4993 648.4228
 115 4 1.3863 0.6931 223.2288 212.1020 208.3543
 115 5 1.3863 0.6931 1108.0454 1052.6777 1056.8201
 115 6 1.3863 0.6931 1706.0446 1620.7770 1622.2013
 116 0 1.3863 0.6931 2411.9082 2291.3474 2304.4473
 116 1 1.3863 0.6931 970.3111 921.8302 910.8934
 116 2 1.3863 0.6931 1681.0300 1597.0132 1603.0033
 116 3 1.3863 0.6931 445.1421 422.9197 415.2301
 116 4 1.3863 0.6931 630.3172 598.8360 597.6339
 116 5 1.3863 0.6931 1126.5087 1070.2179 1073.5112
 116 6 1.3863 0.6931 302.4026 287.3171 280.5085
 117 0 1.3863 0.6931 541.5195 514.4782 511.4190
 117 1 1.3863 0.6931 242.0969 230.0267 223.6387
 117 2 1.3863 0.6931 1235.3905 1173.6556 1172.8378
 117 3 1.3863 0.6931 1850.2355 1757.7583 1758.8237
 117 4 1.3863 0.6931 954.8968 907.1866 901.0984
 117 5 1.3863 0.6931 950.7391 903.2368 895.9444
 117 6 1.3863 0.6931 984.8730 935.6641 917.7286
 118 0 1.3863 0.6931 1887.8142 1793.4581 1785.5957
 118 1 1.3863 0.6931 1098.6886 1043.7888 1035.9827
 118 2 1.3863 0.6931 517.3243 491.4928 490.3242
 118 3 1.3863 0.6931 186.6293 177.3325 168.6002
 118 4 1.3863 0.6931 2457.4055 2334.5698 2340.0830
 118 5 1.3863 0.6931 429.9954 408.5302 399.1056
 118 6 1.3863 0.6931 1039.4011 987.4657 986.0519
 119 0 1.3863 0.6931 560.5103 532.5194 530.3050
 119 1 1.3863 0.6931 278.6555 264.7574 259.8016
 119 2 1.3863 0.6932 972.2776 923.6984 917.2527
 119 3 1.3863 0.6932 1452.7377 1380.1355 1384.2423
 119 4 1.3863 0.6932 307.8289 292.4721 289.0561
 119 5 1.3863 0.6932 1539.0269 1462.1101 1468.6941
 119 6 1.3863 0.6932 2519.5059 2393.5652 2373.6667
 120 0 1.3863 0.6932 310.8600 295.3517 291.0318
 120 1 1.3863 0.6932 909.5355 864.0934 858.8277
 120 2 1.3863 0.6932 1752.2725 1664.6935 1672.5850
 120 3 1.3863 0.6932 564.3059 536.1252 534.0496
 120 4 1.3863 0.6932 1159.7252 1101.7736 1092.1293
 120 5 1.3863 0.6932 1668.5608 1585.1674 1587.3862
 120 6 1.3863 0.6932 213.6043 202.9587 194.3115
 121 0 1.3863 0.6932 306.8777 291.5685 289.3979
 121 1 1.3863 0.6932 2461.2498 2338.2219 2346.5537
 121 2 1.3863 0.6932 853.8851 811.2255 808.9647
 121 3 1.3863 0.6932 863.4094 820.2736 813.6280
 121 4 1.3863 0.6932 1109.1531 1053.7301 1049.2302
 121 5 1.3863 0.6932 971.3117 922.7808 914.5261
 121 6 1.3863 0.6932 695.4655 660.7269 654.3291
 122 0 1.3863 0.6932 1086.3770 1032.0928 1027.6107
 122 1 1.3863 0.6932 508.7731 483.3691 477.1331
 122 2 1.3863 0.6932 1188.6653 1129.2667 1124.9614
 122 3 1.3863 0.6932 1498.6000 1423.7046 1415.5084
 122 4 1.3863 0.6932 701.8436 666.7861 659.8604
 122 5 1.3863 0.6932 1112.8521 1057.2441 1061.4188
 122 6 1.3863 0.6932 319.1790 303.2547 297.6523
 123 0 1.3863 0.6932 496.8647 472.0561 468.9660
 123 1 1.3863 0.6932 460.9404 437.9280 430.3841
 123 2 1.3863 0.6932 981.2000 932.1747 935.1226
 123 3 1.3863 0.6932 1148.5693 1091.1755 1084.8590
 123 4 1.3863 0.6932 1530.1598 1453.6864 1445.4421
 123 5 1.3863 0.6932 1873.1399 1779.5176 1768.5638
 123 6 1.3863 0.6932 240.6568 228.6586 224.7211
 124 0 1.3863 0.6932 2962.0750 2814.0059 2815.4231
 124 1 1.3863 0.6931 883.0205 838.9041 838.5142
 124 2 1.3863 0.6931 1285.8699 1221.6111 1223.7880
 124 3 1.3863 0.6931 431.4612 409.9228 402.2863
 124 4 1.3863 0.6931 201.7554 191.7023 184.9016
 124 5 1.3863 0.6931 1001.0964 951.0763 941.7458
 124 6 1.3863 0.6931 1040.1714 988.1974 978.0058
 125 0 1.3863 0.6931 984.9166 935.7054 922.0961
 125 1 1.3863 0.6931 985.3467 936.1140 931.5786
 125 2 1.3863 0.6931 303.7809 288.6265 285.3852
 125 3 1.3863 0.6931 1264.7231 1201.5216 1189.7424
 125 4 1.3863 0.6931 982.2231 933.1467 925.4184
 125 5 1.3863 0.6931 798.6311 758.7342 755.6273
 125 6 1.3863 0.6931 926.0145 879.7484 886.7723
 126 0 1.3863 0.6931 366.8788 348.5695 339.3985
 126 1 1.3863 0.6931 545.8986 518.6384 514.8445
 126 2 1.3863 0.6931 830.9451 789.4325 790.0822
 126 3 1.3863 0.6931 1125.3612 1069.1278 1073.1677
 126 4 1.3863 0.6931 1498.6414 1423.7439 1413.8771
 126 5 1.3863 0.6931 1077.8079 1023.9521 1019.1279
 126 6 1.3863 0.6931 702.0417 666.9743 659.8335
 127 0 1.3863 0.6931 1694.9309 1610.2190 1614.4058
 127 1 1.3863 0.6931 1001.2181 951.1918 946.7867
 127 2 1.3863 0.6931 992.9560 943.3428 934.2762
 127 3 1.3863 0.6931 315.3787 299.6444 299.0765
 127 4 1.3863 0.6931 1243.3646 1181.2311 1172.4054
 127 5 1.3863 0.6931 1659.1652 1576.2416 1567.7379
 127 6 1.3863 0.6931 276.8300 263.0232 252.6791
 128 0 1.3863 0.6931 850.6860 808.1864 795.1015
 128 1 1.3863 0.6931 980.8792 931.8699 930.3779
 128 2 1.3863 0.6931 1095.7903 1041.0354 1041.4380
 128 3 1.3863 0.6931 2315.1619 2199.4385 2204.3762
 128 4 1.3863 0.6931 535.3379 508.6057 505.9506
 128 5 1.3863 0.6931 888.6426 844.2451 837.6292
 128 6 1.3863 0.6931 184.0910 174.9211 168.2428
 129 0 1.3863 0.6931 1278.4082 1214.5225 1216.7509
 129 1 1.3863 0.6931 1020.1067 969.1360 969.8000
 129 2 1.3863 0.6931 327.5194 311.1781 301.7078
 129 3 1.3863 0.6931 945.6011 898.3557 901.4630
 129 4 1.3863 0.6931 1383.3680 1314.2343 1300.3422
 129 5 1.3863 0.6931 996.3560 946.5729 940.2173
 129 6 1.3863 0.6931 621.8696 590.8107 587.8156
 130 0 1.3863 0.6931 986.6664 937.3677 927.2516
 130 1 1.3863 0.6931 177.0749 168.2558 160.0558
 130 2 1.3863 0.6931 1572.7843 1494.1797 1496.0804
 130 3 1.3863 0.6931 1218.0488 1157.1810 1146.8666
 130 4 1.3863 0.6931 1884.5920 1790.3971 1795.5356
 130 5 1.3863 0.6931 475.0915 451.3716 446.2263
 130 6 1.3863 0.6931 1049.1604 996.7371 998.8690
 131 0 1.3863 0.6931 208.2898 197.9099 191.7842
 131 1 1.3863 0.6931 848.6458 806.2481 799.3812
 131 2 1.3863 0.6931 1261.4640 1198.4254 1186.2191
 131 3 1.3863 0.6931 1128.2808 1071.9014 1070.8641
 131 4 1.3863 0.6931 989.4391 940.0018 941.9673
 131 5 1.3863 0.6931 961.0415 913.0241 906.6464
 131 6 1.3863 0.6931 1076.7068 1022.9061 1023.1377
 132 0 1.3863 0.6931 1086.8754 1032.5663 1028.8932
 132 1 1.3863 0.6931 952.3719 904.7880 898.6254
 132 2 1.3863 0.6931 239.8067 227.8510 220.3326
 132 3 1.3863 0.6931 1757.0256 1669.2090 1671.1216
 132 4 1.3863 0.6931 834.0376 792.3704 792.9193
 132 5 1.3863 0.6931 681.2847 647.2551 639.7775
 132 6 1.3863 0.6931 1114.9626 1059.2491 1059.2889
 133 0 1.3863 0.6931 921.7242 875.6726 869.8409
 133 1 1.3863 0.6931 1062.0532 1008.9852 1003.1633
 133 2 1.3863 0.6931 521.8224 495.7659 491.7807
 133 3 1.3863 0.6931 1001.3210 951.2897 941.6543
 133 4 1.3863 0.6931 1018.6270 967.7303 960.2488
 133 5 1.3863 0.6931 932.3930 885.8080 880.0867
 133 6 1.3863 0.6931 985.7648 936.5112 938.8715
 134 0 1.3863 0.6931 1282.1846 1218.1100 1216.2986
 134 1 1.3863 0.6931 211.0973 200.5771 191.8667
 134 2 1.3863 0.6931 755.0552 717.3371 714.6869
 134 3 1.3863 0.6931 2658.1011 2525.2307 2533.1196
 134 4 1.3863 0.6931 946.8838 899.5743 891.0956
 134 5 1.3863 0.6931 349.6821 332.2327 324.0302
 134 6 1.3863 0.6931 1001.3770 951.3428 944.4383
 135 0 1.3863 0.6931 986.9557 937.6426 928.7374
 135 1 1.3863 0.6931 561.6830 533.6335 524.6606
 135 2 1.3863 0.6931 1101.9283 1046.8666 1039.3096
 135 3 1.3863 0.6931 1646.6937 1564.3937 1568.2100
 135 4 1.3863 0.6931 507.6917 482.3418 476.8555
 135 5 1.3863 0.6931 847.5952 805.2501 799.0541
 135 6 1.3863 0.6931 892.9173 848.3061 846.5817
 136 0 1.3863 0.6931 204.5970 194.4018 188.2180
 136 1 1.3863 0.6931 927.2196 880.8933 875.1564
 136 2 1.3863 0.6931 936.9648 890.1512 887.0573
 136 3 1.3863 0.6931 1292.4213 1227.8348 1205.1294
 136 4 1.3863 0.6931 1062.4053 1009.3196 1010.1573
 136 5 1.3863 0.6931 874.9144 831.2034 830.9272
 136 6 1.3863 0.6931 875.7924 832.0375 817.6000
 137 0 1.3863 0.6931 330.5919 314.0970 311.5258
 137 1 1.3863 0.6931 1899.4880 1804.5483 1794.9321
 137 2 1.3863 0.6931 969.9810 921.5166 917.5399
 137 3 1.3863 0.6931 675.5684 641.8246 633.8288
 137 4 1.3863 0.6931 1411.8031 1341.2476 1345.9192
 137 5 1.3863 0.6931 421.2263 400.1997 392.1454
 137 6 1.3863 0.6931 870.1888 826.7141 819.3600
 138 0 1.3863 0.6931 780.4771 741.4879 736.5507
 138 1 1.3863 0.6931 964.7273 916.5256 919.7052
 138 2 1.3863 0.6931 240.7125 228.7115 223.2563
 138 3 1.3863 0.6931 336.5000 319.7096 308.7594
 138 4 1.3863 0.6931 2510.0576 2384.5894 2377.5063
 138 5 1.3863 0.6931 1397.3226 1327.4912 1312.8864
 138 6 1.3863 0.6931 1048.9652 996.5516 990.2460
 139 0 1.3863 0.6931 831.3827 789.8482 789.2530
 139 1 1.3863 0.6931 856.9376 814.1254 800.3799
 139 2 1.3863 0.6931 1173.0928 1114.4728 1103.9945
 139 3 1.3863 0.6931 1675.9630 1592.1995 1596.1434
 139 4 1.3863 0.6931 1029.5228 978.0814 970.3282
 139 5 1.3863 0.6931 1518.7900 1442.8851 1448.1940
 139 6 1.3863 0.6931 599.3666 569.4329 568.9857
 140 0 1.3863 0.6931 2392.8342 2273.2271 2251.9670
 140 1 1.3863 0.6931 1190.3738 1130.8898 1133.9690
 140 2 1.3863 0.6931 574.9811 546.2667 539.9873
 140 3 1.3863 0.6931 1462.8759 1389.7667 1394.7434
 140 4 1.3863 0.6931 502.7177 477.6165 470.1775
 140 5 1.3863 0.6931 359.7410 341.7886 338.5639
 140 6 1.3863 0.6931 903.9749 858.8109 856.3864
 141 0 1.3863 0.6931 343.5512 326.4083 325.0052
 141 1 1.3863 0.6931 1472.3055 1398.7250 1403.3877
 141 2 1.3863 0.6931 907.0411 861.7238 856.4819
 141 3 1.3863 0.6931 297.0010 282.1856 271.1875
 141 4 1.3863 0.6931 1062.5754 1009.4813 1002.5091
 141 5 1.3863 0.6931 1606.7742 1526.4701 1530.4951
 141 6 1.3863 0.6931 1047.5702 995.2263 985.9075
 142 0 1.3863 0.6931 1031.5470 980.0043 980.7285
 142 1 1.3863 0.6931 393.9362 374.2741 363.6939
 142 2 1.3863 0.6931 1056.3009 1003.5205 1007.7802
 142 3 1.3863 0.6931 988.8763 939.4671 929.6564
 142 4 1.3863 0.6931 453.2390 430.6117 421.3720
 142 5 1.3863 0.6931 3069.5674 2916.1235 2917.1086
 142 6 1.3863 0.6931 977.6450 928.7974 920.4968
 143 0 1.3863 0.6931 854.3947 811.7096 812.1736
 143 1 1.3863 0.6931 783.5120 744.3711 740.1426
 143 2 1.3863 0.6931 1197.1096 1137.2888 1122.4985
 143 3 1.3863 0.6931 993.0854 943.4658 933.2205
 143 4 1.3863 0.6931 1022.6268 971.5301 973.5747
 143 5 1.3863 0.6931 1271.1462 1207.6235 1198.0713
 143 6 1.3863 0.6931 482.3689 458.2851 454.5900
 144 0 1.3863 0.6931 1838.8514 1746.9435 1736.5420
 144 1 1.3863 0.6931 939.1783 892.2541 889.9370
 144 2 1.3863 0.6931 991.2516 941.7237 943.1712
 144 3 1.3863 0.6931 951.5446 904.0020 901.2414
 144 4 1.3863 0.6931 457.5674 434.7237 425.5273
 144 5 1.3863 0.6931 969.8292 921.3724 907.5816
 144 6 1.3863 0.6931 309.8958 294.4357 291.4712
 145 0 1.3863 0.6931 977.7289 928.8771 916.1841
 145 1 1.3863 0.6931 256.2735 243.4944 235.2591
 145 2 1.3863 0.6931 1241.9719 1179.9080 1167.4996
 145 3 1.3863 0.6931 986.5833 937.2888 941.6442
 145 4 1.3863 0.6931 912.7347 867.1327 864.0788
 145 5 1.3863 0.6931 1115.7802 1060.0258 1064.5283
 145 6 1.3863 0.6931 850.8345 808.3275 802.0807
 146 0 1.3863 0.6931 1028.3439 976.9613 960.6996
 146 1 1.3863 0.6931 528.4534 502.0654 499.5905
 146 2 1.3863 0.6931 812.9535 772.3405 765.3436
 146 3 1.3863 0.6931 1946.1804 1848.9060 1841.8655
 146 4 1.3863 0.6931 295.9120 281.1511 278.6197
 146 5 1.3863 0.6931 1161.1060 1103.0853 1108.4888
 146 6 1.3863 0.6931 870.1210 826.6497 824.1118
 147 0 1.3863 0.6931 1209.8850 1149.4254 1137.6216
 147 1 1.3863 0.6931 1467.6829 1394.3334 1399.4318
 147 2 1.3863 0.6931 806.3835 766.0989 765.8772
 147 3 1.3863 0.6931 939.5266 892.5850 885.7675
 147 4 1.3863 0.6931 376.2990 357.5188 349.4738
 147 5 1.3863 0.6931 572.6612 544.0628 538.1421
 147 6 1.3863 0.6931 857.9927 815.1277 801.9108
 148 0 1.3863 0.6931 1091.0266 1036.5099 1022.4882
 148 1 1.3863 0.6931 260.4944 247.5043 241.2537
 148 2 1.3863 0.6931 777.9240 739.0624 737.7209
 148 3 1.3863 0.6931 1106.7312 1051.4293 1050.3398
 148 4 1.3863 0.6931 1019.6983 968.7480 970.4215
 148 5 1.3863 0.6931 1248.4655 1186.0768 1167.3229
 148 6 1.3863 0.6931 953.4991 905.8588 903.6013
 149 0 1.3863 0.6931 371.9241 353.3625 344.4280
 149 1 1.3863 0.6931 1192.8588 1133.2505 1122.8195
 149 2 1.3863 0.6931 975.8785 927.1192 913.5571
 149 3 1.3863 0.6931 934.7474 888.0447 886.6907
 149 4 1.3863 0.6931 822.3389 781.2566 781.8147
 149 5 1.3863 0.6931 1010.9612 960.4478 952.8392
 149 6 1.3863 0.6931 1098.1039 1043.2334 1046.2588
 150 0 1.3863 0.6931 1379.4897 1310.5499 1306.4539
 150 1 1.3863 0.6931 578.6697 549.7709 540.5441
 150 2 1.3863 0.6931 226.6422 215.3447 209.8156
 150 3 1.3863 0.6931 1349.9299 1282.4681 1285.2291
 150 4 1.3863 0.6931 1244.5959 1182.4008 1170.2830
 150 5 1.3863 0.6931 317.7211 301.8697 298.8516
 150 6 1.3863 0.6931 1576.2169 1497.4407 1489.8512
 151 0 1.3863 0.6931 829.5384 788.0961 781.3483
 151 1 1.3863 0.6931 1294.2227 1229.5461 1217.3459
 151 2 1.3863 0.6931 342.6902 325.5903 317.3112
 151 3 1.3863 0.6931 624.0912 592.9213 594.1050
 151 4 1.3863 0.6931 298.9657 284.0521 280.6787
 151 5 1.3863 0.6931 1678.7125 1594.8115 1599.1868
 151 6 1.3863 0.6931 1724.9080 1638.6973 1641.1825
 152 0 1.3863 0.6931 1002.5304 952.4385 941.2067
 152 1 1.3863 0.6931 172.9298 164.3180 156.2115
 152 2 1.3863 0.6931 748.2070 710.8314 709.8186
 152 3 1.3863 0.6931 2065.2566 1962.0284 1955.6311
 152 4 1.3863 0.6931 1763.7499 1675.5970 1679.1558
 152 5 1.3863 0.6931 500.7497 475.7469 472.4646
 152 6 1.3863 0.6931 1394.5847 1324.8901 1327.9656
 153 0 1.3863 0.6931 1268.5322 1205.1403 1183.3651
 153 1 1.3863 0.6931 1496.5101 1421.7192 1422.0463
 153 2 1.3863 0.6931 424.9854 403.7708 394.8784
 153 3 1.3863 0.6931 844.7681 802.5643 795.7171
 153 4 1.3863 0.6931 315.8545 300.0965 297.8873
 153 5 1.3863 0.6931 310.6316 295.1347 283.9039
 153 6 1.3863 0.6931 1641.3774 1559.3433 1562.7217
 154 0 1.3863 0.6931 294.6869 279.9872 276.8367
 154 1 1.3863 0.6931 1898.2045 1803.3289 1794.0088
 154 2 1.3863 0.6931 918.7954 872.8903 866.9054
 154 3 1.3863 0.6931 1118.9740 1063.0599 1066.4802
 154 4 1.3863 0.6931 1653.5050 1570.8644 1564.1604
 154 5 1.3863 0.6931 413.6515 393.0036 382.9737
 154 6 1.3863 0.6931 219.4150 208.4789 202.6321
 155 0 1.3863 0.6931 964.7706 916.5668 904.9079
 155 1 1.3863 0.6931 823.4196 782.2833 775.8748
 155 2 1.3863 0.6931 1263.8455 1200.6879 1179.7998
 155 3 1.3863 0.6931 812.2202 771.6438 767.7491
 155 4 1.3863 0.6931 905.5532 860.3102 853.4095
 155 5 1.3863 0.6931 354.3307 336.6488 327.9498
 155 6 1.3863 0.6931 907.9943 862.6292 869.2097
 156 0 1.3863 0.6931 217.7889 206.9341 202.4038
 156 1 1.3863 0.6931 976.3548 927.5717 929.4398
 156 2 1.3863 0.6931 1027.5511 976.2083 965.2284
 156 3 1.3863 0.6931 899.4680 854.5293 846.3211
 156 4 1.3863 0.6931 1197.9750 1138.1108 1130.8759
 156 5 1.3863 0.6931 1895.7866 1801.0320 1793.3152
 156 6 1.3863 0.6931 902.0776 857.0084 855.6035
 157 0 1.3863 0.6931 940.5344 893.5424 900.3085
 157 1 1.3863 0.6931 936.1749 889.4008 882.6000
 157 2 1.3863 0.6931 853.0361 810.4189 807.3008
 157 3 1.3863 0.6931 1730.1825 1643.7080 1636.4628
 157 4 1.3863 0.6931 628.0522 596.6843 593.9225
 157 5 1.3863 0.6931 391.1461 371.6235 364.3121
 157 6 1.3863 0.6931 1245.6631 1183.4146 1172.3120
 158 0 1.3863 0.6931 1142.8296 1085.7228 1084.9858
 158 1 1.3863 0.6931 2521.9185 2395.8572 2406.2068
 158 2 1.3863 0.6931 288.9002 274.4898 271.7677
 158 3 1.3863 0.6931 482.6562 458.5581 449.1588
 158 4 1.3863 0.6931 1044.5205 992.3292 982.0732
 158 5 1.3863 0.6931 957.0826 909.2632 905.5818
 158 6 1.3863 0.6931 936.7898 889.9850 882.1376
 159 0 1.3863 0.6931 1001.6642 951.6157 951.8682
 159 1 1.3863 0.6931 245.9254 233.6638 225.1200
 159 2 1.3863 0.6931 271.1514 257.6284 256.6802
 159 3 1.3863 0.6931 1214.6249 1153.9283 1142.2115
 159 4 1.3863 0.6931 1184.1647 1124.9911 1118.8430
 159 5 1.3863 0.6931 1094.6189 1039.9226 1027.1532
 159 6 1.3863 0.6931 1400.5519 1330.5590 1328.1100
 160 0 1.3863 0.6931 1743.7708 1656.6168 1651.2814
 160 1 1.3863 0.6931 239.3364 227.4042 222.6414
 160 2 1.3863 0.6931 991.3290 941.7972 931.4086
 160 3 1.3863 0.6931 1795.7560 1706.0028 1710.7577
 160 4 1.3863 0.6931 1874.8671 1781.1583 1770.4121
 160 5 1.3863 0.6931 596.7756 566.9715 564.6393
 160 6 1.3863 0.6931 195.8198 186.0634 178.5531
 161 0 1.3863 0.6931 1058.9417 1006.0292 999.8144
 161 1 1.3863 0.6931 727.6255 691.2789 682.8137
 161 2 1.3863 0.6931 2464.8489 2341.6411 2347.9873
 161 3 1.3863 0.6931 978.2249 929.3483 922.0850
 161 4 1.3863 0.6931 436.2973 414.5171 407.9555
 161 5 1.3863 0.6931 1353.5443 1285.9017 1286.3140
 161 6 1.3863 0.6931 274.7479 261.0452 253.8132
 162 0 1.3863 0.6931 298.7188 283.8175 277.2614
 162 1 1.3863 0.6931 1659.1775 1576.2533 1575.8207
 162 2 1.3863 0.6931 1590.0543 1510.5863 1503.8622
 162 3 1.3863 0.6931 883.6766 839.5275 840.5231
 162 4 1.3863 0.6931 1112.5857 1056.9911 1054.8787
 162 5 1.3863 0.6931 896.5395 851.7472 846.0720
 162 6 1.3863 0.6931 351.6755 334.1264 324.1279
 163 0 1.3863 0.6931 875.9052 832.1446 824.6816
 163 1 1.3863 0.6931 1213.4017 1152.7664 1143.8445
 163 2 1.3863 0.6931 766.9020 728.5916 723.0716
 163 3 1.3863 0.6931 1077.3988 1023.5635 1006.6783
 163 4 1.3863 0.6931 968.6248 920.2281 927.7784
 163 5 1.3863 0.6931 360.8771 342.8679 335.4651
 163 6 1.3863 0.6931 1639.1006 1557.1802 1561.4423
 164 0 1.3863 0.6931 1008.1189 957.7476 948.0461
 164 1 1.3863 0.6931 1105.7162 1050.4651 1051.4316
 164 2 1.3863 0.6931 1576.9338 1498.1218 1501.4008
 164 3 1.3863 0.6931 607.1873 576.8626 577.7532
 164 4 1.3863 0.6931 381.8980 362.8378 361.1036
 164 5 1.3863 0.6931 680.3602 646.3769 638.8185
 164 6 1.3863 0.6931 2573.7585 2445.1052 2438.5940
 165 0 1.3863 0.6931 837.5396 795.6972 801.8205
 165 1 1.3863 0.6931 914.1104 868.4395 864.2819
 165 2 1.3863 0.6931 997.1252 947.3036 936.8052
 165 3 1.3863 0.6931 333.1082 316.4874 305.8127
 165 4 1.3863 0.6931 1109.9098 1054.4490 1045.9076
 165 5 1.3863 0.6931 1433.1221 1361.5006 1360.0820
 165 6 1.3863 0.6931 975.2603 926.5319 929.4659
 166 0 1.3863 0.6931 2359.8564 2241.8982 2232.5066
 166 1 1.3863 0.6931 934.6663 887.9676 894.1403
 166 2 1.3863 0.6931 829.4634 788.0248 784.3286
 166 3 1.3863 0.6931 511.2380 485.7108 482.9610
 166 4 1.3863 0.6931 987.0513 937.7333 927.9185
 166 5 1.3863 0.6931 581.4059 552.3702 543.1324
 166 6 1.3863 0.6931 893.3628 848.7293 834.8923
 167 0 1.3863 0.6931 1261.6691 1198.6202 1199.3619
 167 1 1.3863 0.6931 1059.1313 1006.2094 993.7485
 167 2 1.3863 0.6931 221.5917 210.5468 205.7632
 167 3 1.3863 0.6931 1389.6622 1320.2137 1316.5728
 167 4 1.3863 0.6931 980.9967 931.9815 926.1215
 167 5 1.3863 0.6931 1228.5592 1167.1659 1154.8431
 167 6 1.3863 0.6931 297.3214 282.4900 279.1830
 168 0 1.3863 0.6931 254.4906 241.8007 237.7075
 168 1 1.3863 0.6931 916.5656 870.7720 873.9996
 168 2 1.3863 0.6931 1857.6284 1764.7816 1753.4153
 168 3 1.3863 0.6931 1762.1479 1674.0752 1683.2054
 168 4 1.3863 0.6931 488.3766 463.9924 460.9001
 168 5 1.3863 0.6931 1001.7759 951.7217 935.0345
 168 6 1.3863 0.6931 348.3872 331.0025 322.8305
 169 0 1.3863 0.6931 1473.5972 1399.9519 1404.3080
 169 1 1.3863 0.6931 1224.5060 1163.3153 1154.6776
 169 2 1.3863 0.6931 889.8727 845.4138 843.3638
 169 3 1.3863 0.6931 518.9382 493.0260 486.6678
 169 4 1.3863 0.6931 1006.1744 955.9003 948.2368
 169 5 1.3863 0.6931 962.6309 914.5340 902.8925
 169 6 1.3863 0.6931 888.8087 844.4029 850.3032
 170 0 1.3863 0.6931 991.4136 941.8776 939.8177
 170 1 1.3863 0.6931 200.9997 190.9844 184.6660
 170 2 1.3863 0.6931 2462.2290 2339.1521 2321.1304
 170 3 1.3863 0.6931 1084.2250 1030.0483 1033.6071
 170 4 1.3863 0.6931 555.7753 528.0212 524.6216
 170 5 1.3863 0.6931 821.6625 780.6141 779.3645
 170 6 1.3863 0.6931 893.8399 849.1826 842.3777
 171 0 1.3863 0.6931 286.3131 272.0321 264.4476
 171 1 1.3863 0.6931 2424.8467 2303.6389 2309.9700
 171 2 1.3863 0.6931 1082.4963 1028.4061 1027.9045
 171 3 1.3863 0.6931 344.8744 327.6653 325.8736
 171 4 1.3863 0.6931 1032.6823 981.0828 977.8052
 171 5 1.3863 0.6931 1019.8802 968.9208 958.6682
 171 6 1.3863 0.6931 942.7887 895.6839 890.8615
 172 0 1.3863 0.6931 299.7759 284.8218 280.0486
 172 1 1.3863 0.6931 1851.0872 1758.5675 1753.9835
 172 2 1.3863 0.6931 1002.8799 952.7706 950.0517
 172 3 1.3863 0.6931 523.1685 497.0447 494.5002
 172 4 1.3863 0.6931 1205.8955 1145.6354 1134.6776
 172 5 1.3863 0.6931 558.0426 530.1751 528.0298
 172 6 1.3863 0.6931 1468.5228 1395.1313 1399.9845
 173 0 1.3863 0.6931 781.3063 742.2756 735.4517
 173 1 1.3863 0.6931 1121.9597 1065.8964 1063.8921
 173 2 1.3863 0.6931 309.7378 294.2856 291.9507
 173 3 1.3863 0.6931 1083.5305 1029.3887 1019.8416
 173 4 1.3863 0.6931 1061.2766 1008.2474 1010.5152
 173 5 1.3863 0.6931 912.2245 866.6479 863.4573
 173 6 1.3863 0.6931 1330.0637 1263.5952 1257.5598
 174 0 1.3863 0.6931 851.1644 808.6409 808.8816
 174 1 1.3863 0.6931 1198.3856 1138.5010 1130.3879
 174 2 1.3863 0.6931 1613.3143 1532.6832 1534.6372
 174 3 1.3863 0.6931 1043.0308 990.9139 994.5962
 174 4 1.3863 0.6931 1113.0935 1057.4735 1043.4357
 174 5 1.3863 0.6931 262.0681 248.9993 241.4672
 174 6 1.3863 0.6931 650.5682 618.0745 610.1187
 175 0 1.3863 0.6931 415.2857 394.5561 385.7098
 175 1 1.3863 0.6931 1065.7235 1012.4720 1005.5576
 175 2 1.3863 0.6931 648.4369 616.0497 608.1797
 175 3 1.3863 0.6931 296.5436 281.7511 279.4700
 175 4 1.3863 0.6931 1687.9720 1603.6080 1607.1422
 175 5 1.3863 0.6931 1001.0123 950.9963 943.0715
 175 6 1.3863 0.6931 969.3408 920.9084 907.5082
 176 0 1.3863 0.6931 1355.8752 1288.1161 1273.3208
 176 1 1.3863 0.6931 255.6028 242.8573 236.1811
 176 2 1.3863 0.6931 1650.7312 1568.2292 1572.1924
 176 3 1.3863 0.6931 496.5698 471.7759 467.1769
 176 4 1.3863 0.6931 1251.8279 1189.2711 1180.7114
 176 5 1.3863 0.6931 976.7683 927.9645 919.0729
 176 6 1.3863 0.6931 1080.0839 1026.1144 1019.6685
 177 0 1.3863 0.6931 2440.2971 2318.3169 2324.8733
 177 1 1.3863 0.6931 1081.5149 1027.4738 1025.7965
 177 2 1.3863 0.6931 284.3321 270.1501 267.5319
 177 3 1.3863 0.6931 328.3130 311.9320 300.8374
 177 4 1.3863 0.6931 1612.6182 1532.0219 1524.9972
 177 5 1.3863 0.6931 242.5693 230.4755 223.2582
 177 6 1.3863 0.6931 923.0012 876.8857 870.2162
 178 0 1.3863 0.6931 306.2680 290.9892 287.9126
 178 1 1.3863 0.6931 210.6122 200.1163 194.0286
 178 2 1.3863 0.6931 859.8995 816.9391 813.7907
 178 3 1.3863 0.6931 1725.3763 1639.1422 1639.3989
 178 4 1.3863 0.6931 746.7426 709.4401 702.4507
 178 5 1.3863 0.6931 945.0657 897.8470 895.4687
 178 6 1.3863 0.6931 1854.2321 1761.5551 1753.9757
 179 0 1.3863 0.6931 829.6404 788.1930 785.9976
 179 1 1.3863 0.6931 2225.5562 2114.3130 2110.2124
 179 2 1.3863 0.6931 789.6948 750.2448 746.7609
 179 3 1.3863 0.6931 1720.4456 1634.4579 1636.3888
 179 4 1.3863 0.6931 431.6764 410.1272 400.9364
 179 5 1.3863 0.6931 936.1730 889.3990 883.8019
 179 6 1.3863 0.6931 346.1721 328.8982 325.2854
 180 0 1.3863 0.6931 1618.5312 1537.6393 1540.7990
 180 1 1.3863 0.6931 652.9818 620.3673 612.1535
 180 2 1.3863 0.6931 1128.2212 1071.8447 1064.0187
 180 3 1.3863 0.6931 495.1368 470.4146 468.0663
 180 4 1.3863 0.6931 1856.2020 1763.4265 1766.1747
 180 5 1.3863 0.6931 295.3727 280.6388 274.1884
 180 6 1.3863 0.6931 723.8641 687.7056 680.5016
 181 0 1.3863 0.6931 636.8191 605.0128 606.8177
 181 1 1.3863 0.6931 974.1600 925.4866 927.6461
 181 2 1.3863 0.6931 1314.4753 1248.7863 1244.1121
 181 3 1.3863 0.6931 949.7462 902.2935 896.0884
 181 4 1.3863 0.6931 946.3779 899.0936 895.6556
 181 5 1.3863 0.6931 490.5894 466.0946 463.8949
 181 6 1.3863 0.6931 1400.6023 1330.6068 1315.8295
 182 0 1.3863 0.6931 393.8256 374.1690 365.4456
 182 1 1.3863 0.6931 189.9924 180.5275 172.6904
 182 2 1.3863 0.6931 1371.2189 1302.6926 1302.9622
 182 3 1.3863 0.6931 2656.5911 2523.7961 2522.3418
 182 4 1.3863 0.6931 1147.8462 1090.4885 1081.6718
 182 5 1.3863 0.6931 957.0698 909.2509 916.0328
 182 6 1.3863 0.6931 932.6768 886.0776 884.2948
 183 0 1.3863 0.6931 811.1513 770.6284 762.7861
 183 1 1.3863 0.6931 981.4010 932.3656 924.1255
 183 2 1.3863 0.6931 551.5266 523.9849 519.6589
 183 3 1.3863 0.6931 279.0026 265.0872 259.1970
 183 4 1.3863 0.6931 1887.5555 1793.2124 1784.2648
 183 5 1.3863 0.6931 850.1370 807.6649 801.5975
 183 6 1.3863 0.6931 975.7046 926.9540 929.9496
 184 0 1.3863 0.6931 1123.2994 1067.1691 1070.9850
 184 1 1.3863 0.6931 2627.1797 2495.8552 2493.8713
 184 2 1.3863 0.6931 920.2953 874.3152 867.4742
 184 3 1.3863 0.6931 595.7409 565.9885 566.6877
 184 4 1.3863 0.6931 277.2738 263.4448 252.6990
 184 5 1.3863 0.6931 1002.1161 952.0450 945.1783
 184 6 1.3863 0.6931 852.3425 809.7601 796.2516
 185 0 1.3863 0.6931 1680.3064 1596.3257 1596.3301
 185 1 1.3863 0.6931 1271.5604 1208.0171 1187.0739
 185 2 1.3863 0.6931 680.0304 646.0635 638.1564
 185 3 1.3863 0.6931 316.7963 300.9911 293.9841
 185 4 1.3863 0.6931 286.3720 272.0881 267.3953
 185 5 1.3863 0.6931 1024.6272 973.4305 961.5514
 185 6 1.3863 0.6931 850.7120 808.2111 804.0109
 186 0 1.3863 0.6931 2445.1914 2322.9666 2303.9673
 186 1 1.3863 0.6931 1771.2383 1682.7111 1687.1973
 186 2 1.3863 0.6931 805.5922 765.3472 762.5773
 186 3 1.3863 0.6931 1671.0288 1587.5120 1592.9576
 186 4 1.3863 0.6931 209.9357 199.4736 192.0314
 186 5 1.3863 0.6931 560.4782 532.4890 530.4469
 186 6 1.3863 0.6931 425.6389 404.3916 399.3258
 187 0 1.3863 0.6931 274.0191 260.3528 253.3214
 187 1 1.3863 0.6931 969.0311 920.6143 905.0533
 187 2 1.3863 0.6931 2482.7078 2358.6069 2353.4077
 187 3 1.3863 0.6931 863.0511 819.9332 816.9598
 187 4 1.3863 0.6931 892.3123 847.7314 854.1517
 187 5 1.3863 0.6931 900.6107 855.6148 848.5615
 187 6 1.3863 0.6931 304.8460 289.6383 278.7656
 188 0 1.3863 0.6931 1551.8386 1474.2814 1477.2838
 188 1 1.3863 0.6931 994.6122 944.9163 936.0731
 188 2 1.3863 0.6931 601.4514 571.4135 572.3311
 188 3 1.3863 0.6931 179.1744 170.2503 162.3868
 188 4 1.3863 0.6931 826.3170 785.0358 782.0121
 188 5 1.3863 0.6931 1020.6366 969.6394 968.1069
 188 6 1.3863 0.6931 2742.7256 2605.6240 2605.5581
 189 0 1.3863 0.6931 950.1842 902.7097 891.4858
 189 1 1.3863 0.6931 177.4468 168.6091 160.4818
 189 2 1.3863 0.6931 528.0685 501.6997 498.1465
 189 3 1.3863 0.6931 1435.3907 1363.6559 1362.7058
 189 4 1.3863 0.6931 2330.6873 2214.1875 2218.5718
 189 5 1.3863 0.6931 993.0040 943.3885 943.9125
 189 6 1.3863 0.6931 416.8369 396.0297 387.5659
 190 0 1.3863 0.6931 421.0930 400.0730 391.1660
 190 1 1.3863 0.6931 933.1129 886.4919 879.3389
 190 2 1.3863 0.6931 948.0601 900.6918 895.8586
 190 3 1.3863 0.6931 1002.7426 952.6401 954.5635
 190 4 1.3863 0.6931 972.5244 923.9329 914.1998
 190 5 1.3863 0.6931 1194.6641 1134.9655 1128.3558
 190 6 1.3863 0.6931 838.3647 796.4811 796.6273
 191 0 1.3863 0.6931 1020.1309 969.1591 970.1176
 191 1 1.3863 0.6931 279.8003 265.8449 258.2764
 191 2 1.3863 0.6931 835.7487 793.9959 787.4776
 191 3 1.3863 0.6931 1309.2225 1243.7960 1231.4844
 191 4 1.3863 0.6931 672.9384 639.3261 641.8933
 191 5 1.3863 0.6931 1737.7233 1650.8717 1644.9453
 191 6 1.3863 0.6931 954.3786 906.6943 901.5676
 192 0 1.3863 0.6931 1009.3908 958.9559 952.0786
 192 1 1.3863 0.6931 489.4636 465.0251 460.4356
 192 2 1.3863 0.6931 918.1887 872.3139 868.3689
 192 3 1.3863 0.6931 1094.5125 1039.8215 1029.5574
 192 4 1.3863 0.6931 1742.0732 1655.0043 1645.9343
 192 5 1.3863 0.6931 918.0494 872.1816 878.3818
 192 6 1.3863 0.6931 385.7908 366.5359 357.6074
 193 0 1.3863 0.6931 436.6864 414.8867 405.3730
 193 1 1.3863 0.6931 983.3767 934.2426 935.0737
 193 2 1.3863 0.6931 816.0767 775.3075 774.7053
 193 3 1.3863 0.6931 1066.9940 1013.6790 1007.0089
 193 4 1.3863 0.6931 420.6637 399.6652 392.1633
 193 5 1.3863 0.6931 2677.7952 2543.9399 2541.8594
 193 6 1.3863 0.6931 1111.7469 1056.1942 1046.1992
 194 0 1.3863 0.6931 596.8488 567.0410 564.8656
 194 1 1.3863 0.6931 996.9290 947.1172 938.6517
 194 2 1.3863 0.6931 954.4103 906.7244 907.9473
 194 3 1.3863 0.6931 1513.4922 1437.8522 1438.9042
 194 4 1.3863 0.6931 1210.6986 1150.1984 1141.5276
 194 5 1.3863 0.6931 408.3224 387.9409 379.4703
 194 6 1.3863 0.6931 858.2264 815.3497 807.8281
 195 0 1.3863 0.6931 289.7975 275.3423 264.4503
 195 1 1.3863 0.6931 497.0531 472.2351 469.4661
 195 2 1.3863 0.6931 841.6498 799.6020 796.4925
 195 3 1.3863 0.6931 739.1834 702.2589 695.5600
 195 4 1.3863 0.6931 1859.1639 1766.2404 1755.4426
 195 5 1.3863 0.6931 928.1932 881.8182 888.0510
 195 6 1.3863 0.6931 1355.9443 1288.1818 1275.0364
 196 0 1.3863 0.6931 911.4129 865.8769 863.4135
 196 1 1.3863 0.6931 1281.7659 1217.7123 1218.8348
 196 2 1.3863 0.6931 826.4996 785.2092 785.3292
 196 3 1.3863 0.6931 1503.4104 1428.2745 1417.3359
 196 4 1.3863 0.6931 506.9500 481.6372 478.8543
 196 5 1.3863 0.6931 451.1034 428.5829 422.5276
 196 6 1.3863 0.6931 1172.8929 1114.2830 1103.6261
 197 0 1.3863 0.6931 455.6644 432.9158 423.7149
 197 1 1.3863 0.6931 1338.5946 1271.6996 1257.1873
 197 2 1.3863 0.6931 214.8621 204.1536 199.3028
 197 3 1.3863 0.6931 490.7076 466.2068 462.4780
 197 4 1.3863 0.6931 2685.2437 2551.0161 2550.3440
 197 5 1.3863 0.6931 974.2669 925.5882 928.9115
 197 6 1.3863 0.6931 1048.2144 995.8383 987.9274
 198 0 1.3863 0.6931 916.7925 870.9875 863.4008
 198 1 1.3863 0.6931 1469.2754 1395.8463 1396.5286
 198 2 1.3863 0.6931 1680.9072 1596.8965 1600.9760
 198 3 1.3863 0.6931 2513.9011 2388.2407 2368.8840
 198 4 1.3863 0.6931 518.9962 493.0811 490.2964
 198 5 1.3863 0.6931 542.2666 515.1879 510.8981
 198 6 1.3863 0.6931 221.2429 210.2154 204.1981
 199 0 1.3863 0.6931 1144.4487 1087.2610 1077.0699
 199 1 1.3863 0.6931 196.5144 186.7233 179.1322
 199 2 1.3863 0.6931 1119.5946 1063.6495 1063.5029
 199 3 1.3863 0.6931 1242.4646 1180.3760 1182.1709
 199 4 1.3863 0.6931 970.6397 922.1424 920.1946
 199 5 1.3863 0.6931 896.4235 851.6370 845.5394
 199 6 1.3863 0.6931 808.3201 767.9388 761.7805
 200 0 1.3863 0.6931 1179.2766 1120.3474 1110.2980
 200 1 1.3863 0.6931 993.8832 944.2238 936.8150
 200 2 1.3863 0.6931 524.0110 497.8451 491.7965
 200 3 1.3863 0.6931 845.6656 803.4171 804.4028
 200 4 1.3863 0.6931 868.4262 825.0396 818.3367
 200 5 1.3863 0.6931 971.6409 923.0935 926.5190
 200 6 1.3863 0.6931 1239.5610 1177.6177 1178.6726